8.689	0.0799928685
8.736	0.1278572288
8.784	0.2236228288
8.831	0.39096512
8.879	0.6538117824
8.928	1.0389036448
8.976	1.575967008
9.025	2.291360736
9.074	3.182425344
9.123	4.23393712
9.173	5.427818592
9.222	6.739296928
9.273	8.14161264
9.323	9.60361584
9.373	11.088504
9.424	12.55742208
9.476	13.96235008
9.527	15.248408
9.579	16.36324032
9.631	17.29060256
9.683	18.0302752
9.736	18.58280704
9.788	18.9533568
9.842	19.1481808
9.895	19.1816576
9.949	19.09758144
10.003	18.94742976
10.057	18.78311904
10.112	18.65415104
10.167	18.61057632
10.222	18.68587168
10.277	18.85479232
10.333	19.07969056
10.389	19.32149184
10.446	19.5405728
10.502	19.69599296
10.559	19.74549472
10.617	19.64440576
10.674	19.34618784
10.732	18.8227424
10.791	18.21236704
10.849	17.74292352
10.908	17.63096832
10.967	17.74446016
11.027	17.6307488
11.087	16.82050048
11.147	15.67767936
11.208	16.11156064
11.268	20.25445184
11.33	23.81748096
11.391	23.80683424
11.453	27.24067584
11.515	28.8564528
11.578	29.37155648
11.641	29.5045856
11.704	29.58328352
11.767	30.09224064
11.831	29.88742848
11.895	29.71686144
11.96	30.00629856
12.025	30.08565504
12.09	30.40933728
12.156	31.64172256
12.222	32.26263488
12.288	32.84930208
12.355	33.06256576
12.422	36.27194816
12.49	36.29851008
12.557	38.07212192
12.626	37.99496064
12.694	40.75805888
12.763	40.69648352
12.832	42.61519808
12.902	43.28616096
12.972	43.96041664
13.043	43.93385472
13.113	44.5087776
13.185	46.13421344
13.256	47.09022304
13.328	47.50983552
13.4	47.9958528
13.473	48.49569984
13.546	48.80412544
13.62	48.92200768
13.694	48.91860512
13.768	48.89797024
13.843	48.95252096
13.918	49.0385728
13.994	49.07501312
14.07	49.05865888
14.146	49.01749888
14.223	48.96788736
14.3	48.91904416
14.378	48.8728352
14.456	48.8256384
14.534	48.77822208
14.613	48.73607424
14.693	48.69568256
14.772	48.63893664
14.853	48.55508
14.933	48.45541792
15.014	48.35114592
15.096	48.236776
15.178	48.10210048
15.26	47.94558272
15.343	47.77073504
15.426	47.5787648
15.51	47.36758656
15.594	47.13720032
15.679	46.89364288
15.764	46.64547552
15.85	46.41080864
15.936	46.21126496
16.022	46.04530784
16.109	45.88494848
16.197	45.70779584
16.285	45.51494752
16.373	45.31134272
16.462	45.09061536
16.552	44.83893568
16.641	44.55564512
16.732	44.27268384
16.823	44.04635872
16.914	43.7986304
17.006	43.52016928
17.098	43.25740384
17.191	42.98904064
17.284	42.68720064
17.378	42.3547376
17.473	42.0139328
17.567	41.68223808
17.663	41.36097056
17.759	41.0485936
17.855	40.74433888
17.952	40.44897472
18.05	40.1628304
18.148	39.88502784
18.246	39.61381088
18.345	39.34577696
18.445	39.07170624
18.545	38.78183008
18.646	38.47559968
18.747	38.16552768
18.849	37.86456576
18.951	37.57754336
19.054	37.30292384
19.157	37.038512
19.262	36.77860032
19.366	36.5160544
19.471	36.24527648
19.577	35.96868128
19.683	35.69131776
19.79	35.41505184
19.898	35.13077344
20.006	34.82586016
20.114	34.49240928
20.224	34.13799424
20.333	33.773152
20.444	33.4098464
20.555	33.06168768
20.666	32.74349344
20.779	32.46108096
20.891	32.1854736
21.005	31.8781456
21.119	31.51912064
21.234	31.1894016
21.349	30.96560096
21.465	30.81544928
21.581	30.68977408
21.699	30.53940288
21.816	30.31538272
21.935	30.00695712
22.054	29.63816352
22.174	29.23479552
22.294	28.81979296
22.415	28.40885152
22.537	28.01777664
22.659	27.65930048
22.782	27.3313376
22.906	27.02686336
23.03	26.73907264
23.155	26.46609952
23.281	26.21035872
23.407	25.97448448
23.535	25.757928
23.662	25.55037184
23.791	25.3391936
23.92	25.11220992
24.05	24.86327424
24.181	24.59183776
24.312	24.2970224
24.444	23.98014528
24.577	23.64921888
24.71	23.3141216
24.844	22.98528064
24.979	22.66807424
25.115	22.36096576
25.251	22.06165024
25.388	21.76782272
25.526	21.47772704
25.665	21.18993632
25.804	20.9032432
25.944	20.61644032
26.085	20.33051552
26.227	20.04777376
26.369	19.77008096
26.512	19.49985184
26.656	19.23961088
26.801	18.99210208
26.946	18.76006944
27.093	18.54548864
27.24	18.3452864
27.388	18.15474304
27.537	17.96924864
27.686	17.78397376
27.836	17.5961744
27.988	17.40321632
28.139	17.20246528
28.292	16.99172608
28.446	16.7718768
28.6	16.54555168
28.756	16.31538496
28.912	16.0842304
29.069	15.85340512
29.227	15.6232384
29.385	15.39362048
29.545	15.16455136
29.705	14.93625056
29.867	14.70959616
30.029	14.48535648
30.192	14.2644096
30.356	14.0476336
30.521	13.83513824
30.686	13.62681376
30.853	13.42222112
31.02	13.22103104
31.189	13.023024
31.358	12.8282
31.529	12.6366688
31.7	12.44832064
31.872	12.26337504
32.045	12.08161248
32.219	11.90303296
32.394	11.72774624
32.57	11.5555328
32.747	11.38639264
32.924	11.22032576
33.103	11.05711264
33.283	10.896775232
33.464	10.739159872
33.645	10.584178752
33.828	10.431930656
34.012	10.282624128
34.196	10.136456736
34.382	9.993637024
34.569	9.854318656
34.757	9.718029664
34.945	9.583880992
35.135	9.450950656
35.326	9.318283744
35.518	9.184947296
35.71	9.050798624
35.904	8.916660928
36.099	8.783368384
36.295	8.651810048
36.492	8.522896928
36.691	8.397320512
36.89	8.275069824
37.09	8.156024128
37.291	8.040073664
37.494	7.927075744
37.698	7.816898656
37.902	7.709454592
38.108	7.604688672
38.315	7.50253504
38.523	7.402949792
38.732	7.305856096
38.943	7.210935648
39.154	7.11667376
39.367	7.021105728
39.58	6.922222944
39.795	6.81796192
40.011	6.706160384
40.229	6.585621952
40.447	6.458311328
40.667	6.326928608
40.887	6.1943056
41.109	6.066204704
41.333	5.952855552
41.557	5.862259648
41.783	5.791552256
42.01	5.735157568
42.238	5.687280256
42.467	5.641949376
42.698	5.59298544
42.93	5.534680928
43.163	5.466640704
43.397	5.391290464
43.633	5.311154688
43.87	5.228823712
44.108	5.146986656
44.347	5.068420448
44.588	4.994716608
44.83	4.92526048
45.074	4.859163008
45.318	4.795535136
45.564	4.733421952
45.812	4.671868544
46.061	4.609909024
46.311	4.547236064
46.562	4.484167968
46.815	4.421012064
47.069	4.358119584
47.325	4.295808832
47.582	4.234463968
47.84	4.174425248
48.1	4.115791456
48.361	4.05843088
48.624	4.00223376
48.888	3.94707936
49.153	3.89280304
49.42	3.83929504
49.688	3.78639072
49.958	3.734013248
50.229	3.68211872
50.502	3.63069616
50.776	3.579723616
51.052	3.52916816
51.329	3.479029792
51.608	3.429264608
51.888	3.379850656
52.17	3.33083184
52.453	3.282219136
52.738	3.234089376
53.024	3.186453536
53.312	3.139377472
53.602	3.092894112
53.893	3.04704736
54.186	3.001903072
54.48	2.957439296
54.776	2.913667008
55.073	2.870586208
55.372	2.828196896
55.673	2.786488096
55.975	2.745459808
56.279	2.705101056
56.585	2.665422816
56.892	2.626403136
57.201	2.588009088
57.511	2.550229696
57.824	2.513032032
58.138	2.476394144
58.453	2.44029408
58.771	2.404698912
59.09	2.369575712
59.411	2.334913504
59.733	2.300723264
60.058	2.267004992
60.384	2.23378064
60.712	2.201061184
61.041	2.168868576
61.373	2.137213792
61.706	2.106107808
62.041	2.0755616
62.378	2.045586144
62.717	2.016159488
63.057	1.98725968
63.399	1.958875744
63.744	1.9309528
64.09	1.903490848
64.438	1.876445984
64.788	1.849807232
65.14	1.823519712
65.493	1.797572448
65.849	1.771932512
66.206	1.74661088
66.566	1.7215856
66.927	1.696856672
67.291	1.67241312
67.656	1.648232992
68.023	1.624327264
68.393	1.600663008
68.764	1.5772512
69.138	1.554069888
69.513	1.531119072
69.89	1.508409728
70.27	1.485974784
70.652	1.463803264
71.035	1.44191712
71.421	1.420327328
71.809	1.39905584
72.199	1.378113632
72.591	1.35751168
72.985	1.337271936
73.381	1.3173944
73.78	1.297868096
74.18	1.278693024
74.583	1.259847232
74.988	1.241319744
75.395	1.223099584
75.804	1.2051648
76.216	1.187515392
76.63	1.170129408
77.046	1.152984896
77.464	1.13607088
77.885	1.119365408
78.308	1.102879456
78.733	1.0866042432
79.161	1.0705397696
79.59	1.0546882304
80.023	1.0390496256
80.457	1.0236239552
80.894	1.0084112192
81.333	0.9934114176
81.775	0.9786234528
82.219	0.96404952
82.665	0.9496863264
83.114	0.9355360672
83.566	0.9215954496
84.019	0.9078644736
84.476	0.8943431392
84.934	0.881027056
85.395	0.8679173216
85.859	0.8550117408
86.325	0.8423070208
86.794	0.8298031616
87.265	0.8174968704
87.739	0.8053870496
88.216	0.7934704064
88.695	0.7817447456
89.176	0.7702100672
89.66	0.7588707616
90.147	0.7477312192
90.637	0.7367958304
91.129	0.7260722784
91.624	0.7155627584
92.121	0.7052727584
92.621	0.6952099616
93.124	0.6853765632
93.63	0.6757802464
94.138	0.6664264992
94.65	0.657319712
95.163	0.6484664704
95.68	0.6398711648
96.2	0.6315217216
96.722	0.6233907008
97.247	0.6154506624
97.775	0.6076708736
98.306	0.6000227968
98.84	0.592473504
99.377	0.5849922624
99.916	0.5775439488
100.459	0.5700956352
101.004	0.5626111008
101.553	0.5550530272
102.104	0.5473829984
102.659	0.5395625984
103.216	0.531551216
103.777	0.523313728
104.34	0.5148687936
104.907	0.5062592192
105.476	0.4975289088
106.049	0.488722864
106.625	0.4798904768
107.204	0.4710778464
107.786	0.4623354624
108.371	0.4537171072
108.96	0.445274368
109.551	0.4370632224
110.146	0.4291407456
110.744	0.4215651104
111.345	0.4143977824
111.95	0.4077013248
112.558	0.4015383008
113.169	0.3959778592
113.784	0.3910847584
114.401	0.3869182688
115.023	0.3833609472
115.647	0.380175712
116.275	0.3771123104
116.906	0.3739281728
117.541	0.37038512
118.18	0.3662405824
118.821	0.3613727264
119.466	0.3558902144
120.115	0.3499324416
120.767	0.3438133216
121.423	0.3382737344
122.082	0.3341390752
122.745	0.331798992
123.412	0.3303644288
124.082	0.3286971744
124.756	0.3259257344
125.433	0.3220160832
126.114	0.3170867616
126.799	0.311394608
127.487	0.3055476928
128.18	0.3002199424
128.876	0.295836128
129.575	0.2923117344
130.279	0.289497488
130.986	0.2872836288
131.698	0.2856086912
132.413	0.2843793792
133.132	0.2829601824
133.855	0.280250208
134.581	0.2753241792
135.312	0.2689317568
136.047	0.262617264
136.786	0.2575968416
137.528	0.2538496352
138.275	0.2510902688
139.026	0.2489751936
139.781	0.2470873216
140.54	0.245033712
141.303	0.2428593664
142.07	0.2408672224
142.842	0.2391352096
143.617	0.2369970848
144.397	0.233668064
145.181	0.2293292512
145.97	0.225150688
146.762	0.2221608256
147.559	0.2204386912
148.36	0.2197790336
149.166	0.2198075712
149.976	0.21995904
150.79	0.2004755424
151.609	0.1982847328
152.432	0.19611368
153.26	0.1939645792
154.092	0.1918363328
154.929	0.1897267456
155.77	0.1876391104
156.616	0.1855690368
157.466	0.1835176224
158.321	0.1814859648
159.181	0.1794729664
160.045	0.177476432
160.914	0.1754985568
161.788	0.1735371456
162.667	0.171593296
163.55	0.169667008
164.438	0.167757184
165.331	0.1658627264
166.228	0.1639847328
167.131	0.1621232032
168.039	0.16027704
168.951	0.1584473408
169.868	0.1566319104
170.791	0.1548318464
171.718	0.1530471488
172.651	0.1512778176
173.588	0.1495227552
174.531	0.1477819616
175.478	0.1460554368
176.431	0.1443442784
177.389	0.1426473888
178.352	0.1409636704
179.321	0.1392953184
180.294	0.1376401376
181.273	0.1359992256
182.258	0.1343714848
183.247	0.1327580128
184.242	0.1311588096
185.243	0.12957168
186.249	0.1279988192
187.26	0.1264391296
188.277	0.1248926112
189.299	0.123359264
190.327	0.1218401856
191.36	0.1203331808
192.399	0.1188393472
193.444	0.1173575872
194.495	0.115890096
195.551	0.1144346784
196.612	0.112992432
197.68	0.1115633568
198.753	0.1101463552
199.833	0.1087425248
200.918	0.1073510973
202.009	0.1059721824
203.106	0.1046056704
204.208	0.1032517808
205.317	0.1019101843
206.432	0.100580881
207.553	0.0992639805
208.68	0.0979593731
209.813	0.0966668394
210.952	0.095386489
212.098	0.0941183219
213.25	0.0928621187
214.407	0.0916178794
215.572	0.0903856038
216.742	0.0891652922
217.919	0.0879569443
219.102	0.086760231
220.292	0.0855753718
221.488	0.0844021472
222.691	0.0832404474
223.9	0.0820904918
225.116	0.0809520611
226.338	0.0798251552
227.567	0.0787095546
228.803	0.077605369
230.045	0.0765125984
231.294	0.0754309136
232.55	0.0743606438
233.813	0.0733013501
235.083	0.0722532518
236.359	0.0712161296
237.642	0.0701900931
238.933	0.0691749229
240.23	0.0681706189
241.535	0.0671770714
242.846	0.0661943901
244.165	0.0652222458
245.491	0.0642608579
246.824	0.0633098973
248.164	0.0623694736
249.511	0.0614394771
250.866	0.0605197981
252.228	0.0596105462
253.598	0.0587115021
254.975	0.0578226656
256.359	0.0569438173
257.751	0.0560750669
259.151	0.0552163046
260.558	0.0543674208
261.973	0.0535284154
263.395	0.0526992883
264.826	0.0518798202
266.264	0.0510699011
267.709	0.0502695312
269.163	0.0494787104
270.624	0.0486974387
272.094	0.0479253869
273.571	0.0471626646
275.057	0.0464091622
276.55	0.0456648797
278.052	0.0449297072
279.562	0.044203535
281.08	0.0434861437
282.606	0.0427778624
284.141	0.0420779229
285.683	0.0413883008
287.235	2.868160512
288.794	2.361244928
290.362	1.568426496
291.939	1.544861024
293.524	1.407529312
295.118	1.347863776
296.721	1.29637536
298.332	1.279241824
299.952	1.279878432
301.58	1.27288672
303.218	1.225217952
304.864	1.156453312
306.52	1.107193024
308.184	1.0843563584
309.858	1.0641572256
311.54	1.0401669824
313.232	1.0103945824
314.932	0.9839127872
316.643	0.9646356384
318.362	0.9410591904
320.091	0.91188608
321.829	0.888814528
323.576	0.86323496
325.333	0.8388155552
327.1	0.8200026912
328.876	0.8021392512
330.661	0.7848531488
332.457	0.7694044288
334.262	0.7566009248
336.077	0.7447303808
337.902	0.731045504
339.737	0.7291598272
341.582	0.7313605152
343.436	0.7252534688
345.301	0.7446733056
347.176	0.6863808672
349.061	0.8305001376
350.957	0.6522861184
352.862	0.6437028864
354.778	0.6352272192
356.705	0.6268591168
358.642	0.618596384
360.589	0.6104368256
362.547	0.6023815392
364.515	0.594427232
366.495	0.5865728064
368.485	0.5788182624
370.486	0.5711614048
372.497	0.5636022336
374.52	0.556137456
376.554	0.5487681696
378.598	0.5414921792
380.654	0.5343083872
382.721	0.527215696
384.799	0.520213008
386.888	0.5132992256
388.989	0.5064732512
391.101	0.4997350848
393.225	0.4930814336
395.36	0.4865133952
397.507	0.4800287744
399.665	0.4736264736
401.835	0.4673064928
404.017	0.4610666368
406.211	0.4549069056
408.417	0.4488262016
410.635	0.4428223296
412.864	0.4368963872
415.106	0.4310461792
417.36	0.425270608
419.626	0.4195696736
421.905	0.4139411808
424.196	0.4083851296
426.499	0.40290152
428.815	0.3974870592
431.143	0.3921428448
433.484	0.3868677792
435.838	0.3816596672
438.205	0.3765196064
440.584	0.3714454016
442.976	0.3664370528
445.382	0.3614934624
447.8	0.3566135328
450.232	0.351797264
452.676	0.3470424608
455.134	0.3423491232
457.606	0.3377172512
460.09	0.3331457472
462.589	0.328632416
465.1	0.3241783552
467.626	0.3197824672
470.165	0.3154436544
472.718	0.3111608192
475.285	0.3069339616
477.866	0.302761984
480.46	0.2986437888
483.069	0.2945804736
485.692	0.2905698432
488.33	0.2866108
490.981	0.2827044416
493.647	0.2788485728
496.328	0.2750431936
499.023	0.2712872064
501.732	0.2675817088
504.457	0.263923408
507.196	0.2603134016
509.95	0.2567516896
512.719	0.2532360768
515.503	0.2497665632
518.302	0.2463420512
521.116	0.2429636384
523.946	0.2396291296
526.791	0.2363385248
529.651	0.233091824
532.527	0.229886832
535.419	0.2267246464
538.326	0.2236041696
541.249	0.2205254016
544.188	0.2174872448
547.143	0.2144886016
550.114	0.2115305696
553.101	0.2086109536
556.104	0.2057297536
559.124	0.2028880672
562.16	0.2000826016
565.212	0.197315552
568.281	0.1945847232
571.367	0.1918901152
574.469	0.1892306304
577.589	0.1866073664
580.725	0.1840192256
583.878	0.1814651104
587.049	0.1789450208
590.236	0.1764589568
593.441	0.1740058208
596.663	0.1715856128
599.903	0.1691972352
603.161	0.1668417856
606.436	0.1645170688
609.729	0.1622230848
613.039	0.1599609312
616.368	0.1577284128
619.715	0.1555255296
623.08	0.1533522816
626.463	0.1512086688
629.865	0.1490935936
633.285	0.147007056
636.724	0.144949056
640.181	0.1429173984
643.657	0.1409142784
647.152	0.1389375008
650.666	0.1369881632
654.199	0.135065168
657.751	0.1331674176
661.323	0.131294912
664.914	0.1294487488
668.524	0.1276267328
672.154	0.1258299616
675.804	0.1240573376
679.474	0.1223088608
683.163	0.1205834336
686.873	0.1188821536
690.602	0.1172039232
694.352	0.1155476448
698.122	0.113914416
701.913	0.1123042368
705.724	0.110714912
709.556	0.1091472099
713.409	0.1076011306
717.283	0.1060761251
721.178	0.1045718643
725.094	0.1030881286
729.031	0.1016246986
732.989	0.100181135
736.97	0.0987574381
740.971	0.0973531686
744.995	0.0959681072
749.04	0.0946020342
753.107	0.0932546205
757.196	0.0919256464
761.308	0.0906150022
765.442	0.089322249
769.598	0.0880472768
773.777	0.0867898662
777.978	0.085549688
782.203	0.0843266323
786.45	0.0831203699
790.72	0.0819306813
795.014	0.0807574566
799.331	0.0796003667
803.671	0.0784593018
808.035	0.0773339325
812.422	0.0762240394
816.834	0.0751296224
821.269	0.0740502426
825.728	0.0729857901
830.212	0.0719361552
834.72	0.0709010086
839.253	0.0698802406
843.81	0.0688735219
848.391	0.0678808525
852.998	0.0669020128
857.63	0.0659366736
862.287	0.0649848349
866.969	0.0640461674
871.676	0.0631205613
876.409	0.0622079069
881.168	0.0613079846
885.953	0.0604204653
890.764	0.0595454586
895.6	0.0586826352
900.463	0.0578318854
905.353	0.0569929898
910.269	0.0561657286
915.211	0.0553502118
920.181	0.0545460003
925.177	0.0537530941
930.201	0.0529712736
935.252	0.0522004291
940.33	0.0514403411
945.436	0.0506910096
950.57	0.0499521053
955.731	0.0492236282
960.921	0.0485054685
966.138	0.047797297
971.384	0.0470991136
976.659	0.0464108086
981.962	0.0457322723
987.294	0.0450631754
992.655	0.0444036275
998.045	0.0437532995
1003.464	0.0431121914
1008.913	0.0424800835
1014.391	0.041856976
1019.899	0.0412426493
1025.437	0.0406371034
1031.005	0.0400401187
1036.604	0.0394514758
1042.232	0.0388712845
1047.892	0.0382993251
1053.581	0.037735488
1059.302	0.0371795536
1065.054	0.0366316317
1070.837	0.0360915027
1076.652	0.035559057
1082.498	0.0350340749
1088.376	0.0345166662
1094.286	0.0340066115
1100.227	0.0335039107
1106.202	0.0330082346
1112.208	0.0325198026
1118.247	0.0320381757
1124.319	0.0315635734
1130.424	0.0310956666
1136.562	0.0306345648
1142.734	0.0301799389
1148.939	0.0297318986
1155.177	0.0292902243
1161.45		0.0288549162
1167.756	0.0284258643
1174.097	0.028002959
1180.472	0.0275862003
1186.882	0.0271753686
1193.327	0.0267703542
1199.807	0.0263712669
1206.321	0.0259779968
1212.872	0.0255902147
1219.457	0.0252081402
1226.079	0.0248315536
1232.736	0.024460455
1239.43		0.024094625
1246.16		0.0237340634
1252.927	0.0233787702
1259.73		0.0230286358
1266.57		0.0226835504
1273.447	0.0223434042
1280.362	0.0220083069
1287.314	0.0216779293
1294.304	0.0213523811
1301.332	0.0210316624
1308.398	0.0207154438
1315.503	0.020403945
1322.646	0.0200968365
1329.828	0.0197943379
1337.049	0.01949612
1344.309	0.0192022925
1351.608	0.0189128554
1358.947	0.0186274794
1366.326	0.0183462742
1373.745	0.01806924
1381.204	0.0177962669
1388.704	0.0175272451
1396.245	0.0172621747
1403.826	0.0170009459
1411.449	0.0167435587
1419.113	0.0164899034
1426.819	0.0162399798
1434.566	0.0159936784
1442.356	0.0157511088
1450.187	0.0155119418
1458.062	0.0152763968
1465.979	0.0150442544
1473.939	0.0148156243
1481.942	0.014590287
1489.989	0.0143682426
1498.08		0.0141494909
1506.214	0.0139339222
1514.393	0.0137215366
1522.616	0.0135123341
1530.883	0.0133062048
1539.196	0.013103039
1547.554	0.0129029466
1555.957	0.0127058176
1564.405	0.0125115424
1572.9		0.0123202307
1581.441	0.012131663
1590.028	0.0119459491
1598.661	0.0117629792
1607.342	0.0115826435
1616.07		0.0114050518
1624.845	0.0112300944
1633.667	0.0110576614
1642.538	0.0108879066
1651.457	0.0107206104
1660.424	0.0105558168
1669.44		0.0103934708
1678.505	0.0102335395
1687.619	0.01007599
1696.783	0.0099207783
1705.996	0.0097678936
1715.259	0.009617281
1724.573	0.0094689293
1733.937	0.0093227839
1743.353	0.0091788227
1752.819	0.0090370128
1762.336	0.0088973212
1771.906	0.0087597261
1781.527	0.0086241835
1791.201	0.0084906824
1800.927	0.0083591789
1810.705	0.0082296402
1820.537	0.0081020551
1830.423	0.0079763799
1840.362	0.0078525926
1850.355	0.0077306602
1860.402	0.0076105718
1870.504	0.0074922835
1880.66		0.0073757732
1890.872	0.0072610301
1901.139	0.0071480102
1911.462	0.0070366916
1921.841	0.0069270524
1932.277	0.0068190595
1942.769	0.0067127131
1953.318	0.0066079691
1963.924	0.0065048057
1974.588	0.0064032008
1985.31		0.0063031326
1996.09		0.0062045791
2006.929	0.0061075293
2017.826	0.0060119394
2028.783	0.0059177982
2039.799	0.0058250949
2050.875	0.0057337965
2062.011	0.0056438812
2073.207	0.0055553268
2084.465	0.0054681225
2095.783	0.0053822462
2107.163	0.0052976871
2118.605	0.0052144012
2130.108	0.0051323886
2141.675	0.0050516272
2153.304	0.0049720951
2164.996	0.0048937813
2176.752	0.0048166639
2188.571	0.004740721
2200.455	0.0046659415
2212.403	0.0045923035
2224.416	0.0045197961
2236.495	0.0044483862
2248.639	0.0043780849
2260.849	0.0043088483
2273.125	0.0042406874
2285.468	0.0041735581
2297.877	0.0041074716
2310.355	0.004042384
2322.9		0.0039783061
2335.513	0.003915216
2348.194	0.0038530919
2360.945	0.0037919226
2373.765	0.0037316973
2386.654	0.003672405
2399.613	0.0036140236
2412.643	0.0035565423
2425.743	0.0034999391
2438.915	0.0034442139
2452.158	0.0033893559
2465.473	0.003335343
2478.86		0.0032821643
2492.32		0.0032298087
2505.853	0.0031782545
2519.46		0.0031275124
2533.14		0.0030775497
2546.895	0.0030283552
2560.724	0.0029799291
2574.629	0.0029322604
2588.609	0.002885327
2602.665	0.002839118
2616.797	0.0027936335
2631.006	0.0027488514
2645.292	0.0027047718
2659.655	0.0026613727
2674.097	0.0026186541
2688.617	0.002576594
2703.216	0.0025351926
2717.894	0.0024944387
2732.652	0.0024543214
2747.49		0.0024148298
2762.409	0.0023759528
2777.408	0.0023376795
2792.49		0.0023000098
2807.652	0.0022629329
2822.898	0.0022264267
2838.226	0.0021905023
2853.637	0.0021551376
2869.132	0.0021203217
2884.711	0.0020860547
2900.375	0.0020523254
2916.124	0.002019134
2931.958	0.0019864475
2947.878	0.0019542878
2963.885	0.001922633
2979.978	0.0018914721
2996.159	0.0018608052
3012.428	0.0018306102
3028.785	0.0018008982
3045.231	0.0017716581
3061.767	0.001742879
3078.392	0.00171455
3095.107	0.0016866709
3111.913	0.0016592309
3128.811	0.001632219
3145.8		0.0016056461
3162.881	0.0015794903
3180.055	0.0015537406
3197.323	0.001528397
3214.684	0.0015034705
3232.139	0.0014789282
3249.689	0.00145477
3267.335	0.001431007
3285.076	0.0014076171
3302.914	0.0013845895
3320.848	0.001361935
3338.88		0.0013396428
3357.01		0.0013177017
3375.238	0.0012961119
3393.565	0.0012748734
3411.992	0.0012539641
3430.519	0.0012333841
3449.146	0.0012131444
3467.875	0.0011932119
3486.705	0.0011736088
3505.638	0.001154313
3524.673	0.0011353355
3543.811	0.0011166543
3563.054	0.0010982695
3582.401	0.0010801822
3601.853	0.0010623835
3621.411	0.0010448691
3641.075	0.0010276368
3660.845	0.00101068
3680.723	0.0009939953
3700.709	0.0009775785
3720.804	0.0009614252
3741.007	0.0009455319
3761.321	0.0009298933
3781.744	0.0009145061
3802.279	0.0008993669
3822.925	0.0008844713
3843.683	0.0008698162
3864.554	0.0008553959
3885.538	0.0008412094
3906.636	0.0008272512
3927.849	0.0008135181
3949.177	0.0008000066
3970.62		0.0007867125
3992.18		0.0007736346
4013.857	0.0007607674
4035.652	0.0007481088
4057.565	0.0007356543
4079.598	0.0007234018
4101.749	0.000711348
4124.022	0.0006994895
4146.415	0.0006878242
4168.929	0.0006763466
4191.566	0.0006650556
4214.326	0.000653949
4237.209	0.0006430224
4260.217	0.0006322725
4283.349	0.0006216982
4306.608	0.0006112962
4329.992	0.0006010622
4353.503	0.0005909961
4377.143	0.0005810936
4400.91		0.0005713535
4424.806	0.0005617703
4448.833	0.0005523452
4472.989	0.0005430738
4497.277	0.0005339528
4521.697	0.0005249821
4546.249	0.0005161574
4570.935	0.0005074765
4595.755	0.0004989382
4620.709	0.0004905405
4645.799	0.0004822789
4671.026	0.0004741533
4696.389	0.0004661617
4721.89		0.0004583007
4747.529	0.0004505681
4773.308	0.0004429628
4799.226	0.0004354827
4825.286	0.0004281255
4851.487	0.000420889
4877.83		0.0004137722
4904.316	0.0004067728
4930.946	0.0003998875
4957.72		0.0003931164
4984.64		0.0003864562
5011.706	0.0003799068
5038.919	0.000373465
5066.28		0.0003671296
5093.79		0.0003608986
5121.448	0.0003547707
5149.257	0.0003487448
5177.217	0.0003428178
5205.329	0.0003369895
5233.593	0.0003312568
5262.011	0.0003256195
5290.584	0.0003200755
5319.311	0.0003146237
5348.194	0.000309262
5377.234	0.0003039891
5406.432	0.0002988051
5435.789	0.0002937057
5465.304	0.0002886918
5494.98		0.0002837603
5524.818	0.0002789122
5554.817	0.0002741443
5584.979	0.0002694553
5615.305	0.0002648454
5645.795	0.0002603112
5676.452	0.0002558528
5707.274	0.0002514689
5738.264	0.0002471587
5769.422	0.0002429208
5800.75		0.0002387521
5832.247	0.0002346548
5863.916	0.0002306255
5895.756	0.0002266632
5927.77		0.0002227667
5959.957	0.0002189361
5992.319	0.0002151702
6024.856	0.0002114669
6057.571	0.0002078262
6090.463	0.0002042458
6123.533	0.0002007258
6156.784	0.0001972651
6190.214	0.0001938625
6223.827	0.000190517
6257.621	0.0001872275
6291.6		0.0001839929
6325.762	0.0001808142
6360.111	0.0001776883
6394.645	0.000174615
6429.368	0.0001715933
6464.279	0.0001686232
6499.379	0.0001657025
6534.67		0.0001628312
6570.153	0.0001600092
6605.828	0.0001572334
6641.697	0.0001545059
6677.761	0.0001518244
6714.02		0.000149188
6750.477	0.0001465955
6787.131	0.0001440479
6823.984	0.0001415432
6861.038	0.0001390813
6898.293	0.00013666
6935.75		0.0001342804
6973.41		0.0001319414
7011.275	0.0001296419
7049.346	0.000127382
7087.623	0.0001251604
7126.108	0.0001229762
7164.802	0.0001208293
7203.706	0.0001187186
7242.822	0.0001166441
7282.15		0.0001146059
7321.691	0.0001126017
7361.447	0.0001106315
7401.419	0.0001086947
7441.608	0.0001067912
7482.015	0.0001049202
7522.642	0.0001030813
7563.489	0.0001012738
7604.558	9.949711072E-005
7645.85		9.775093888E-005
7687.366	9.603462176E-005
7729.108	9.434772032E-005
7771.076	9.268968576E-005
7813.272	9.106007904E-005
7855.697	8.945846112E-005
7898.353	8.78842832E-005
7941.24		8.633710624E-005
7984.361	8.48164912E-005
8027.715	8.33221088E-005
8071.304	8.185330048E-005
8115.131	8.040984672E-005
8159.195	7.899108896E-005
8203.499	7.759691744E-005
8248.043	7.62266736E-005
8292.829	0.00007488
8337.858	7.355665184E-005
8383.132	0.000072256
8428.652	7.097784064E-005
8474.418	6.97217472E-005
8520.434	6.848738624E-005
8566.699	6.727431872E-005
8613.215	6.608221536E-005
8659.984	6.491063712E-005
8707.007	6.375947424E-005
8754.285	6.262817792E-005
8801.82		6.151641888E-005
8849.613	0.000060424
8897.665	5.93505248E-005
8945.979	5.829562144E-005
8994.555	5.725893824E-005
9043.394	5.624036544E-005
9092.499	5.5239464E-005
9141.87		5.425590464E-005
9191.51		5.328946784E-005
9241.419	5.233982432E-005
9291.599	5.14066448E-005
9342.051	5.048981952E-005
9392.778	4.958890944E-005
9443.78		4.870369504E-005
9495.058	4.783384704E-005
9546.616	4.697925568E-005
9598.453	4.613948192E-005
9650.571	4.5314416E-005
9702.973	4.450372864E-005
9755.659	4.370731008E-005
9808.631	4.292472128E-005
9861.891	4.215574272E-005
9915.44		4.140026464E-005
9969.28		4.065806752E-005
10023.41	3.992882208E-005
10077.84	3.92123088E-005
10132.56	3.850841792E-005
10187.58	3.781682016E-005
10242.9		3.713740576E-005
10298.51	3.646984544E-005
10354.43	0.000035814
10410.66	3.516973824E-005
10467.19	3.453675232E-005
10524.02	0.000033915
10581.17	0.000033304
10638.62	3.270387008E-005
10696.39	3.211423936E-005
10754.47	0.000031535
10812.86	0.000030966
10871.58	0.000030407
10930.61	2.985790304E-005