Energy[eV]	Img
0.111111	-0.000236714
0.222222	-0.000111683
0.333333	-7.37356e-05
0.444444	-5.51229e-05
0.555556	-4.40409e-05
0.666667	-3.66809e-05
0.777778	-3.14365e-05
0.888889	-2.75091e-05
1	-2.44589e-05
1.11111	-2.20218e-05
1.22222	-2.00292e-05
1.33333	-1.837e-05
1.44444	-1.69678e-05
1.55556	-1.57673e-05
1.66667	-1.47278e-05
1.77778	-1.38188e-05
1.88889	-1.30182e-05
2	-1.23067e-05
2.11111	-1.16714e-05
2.22222	-1.11005e-05
2.33333	-1.05842e-05
2.44444	-1.01159e-05
2.55556	-9.6888e-06
2.66667	-9.29743e-06
2.77778	-8.93937e-06
2.88889	-8.60788e-06
3	-8.30243e-06
3.11111	-8.01933e-06
3.22222	-7.7562e-06
3.33333	-7.51097e-06
3.44444	-7.28248e-06
3.55556	-7.06883e-06
3.66667	-6.868e-06
3.77778	-6.68062e-06
3.88889	-6.50426e-06
4	-6.33784e-06
4.11111	-6.18054e-06
4.22222	-6.03486e-06
4.33333	-5.89706e-06
4.44444	-5.76693e-06
4.55556	-5.64624e-06
4.66667	-5.53534e-06
4.77778	-5.42465e-06
4.88889	-5.30064e-06
5	-5.18818e-06
5.11111	-5.0801e-06
5.22222	-4.97352e-06
5.33333	-4.84299e-06
5.44444	-4.79712e-06
5.55556	-4.7247e-06
5.66667	-4.65224e-06
5.77778	-4.58165e-06
5.88889	-4.51422e-06
6	-4.449e-06
6.11111	-4.38651e-06
6.22222	-4.32762e-06
6.33333	-4.27006e-06
6.44444	-4.21587e-06
6.55556	-4.16761e-06
6.66667	-4.11471e-06
6.77778	-4.0697e-06
6.88889	-4.02084e-06
7	-3.98022e-06
7.11111	-3.93968e-06
7.22222	-3.90985e-06
7.33333	-3.86832e-06
7.44444	-3.83839e-06
7.55556	-3.81337e-06
7.66667	-3.77845e-06
7.77778	-3.75068e-06
7.88889	-3.73047e-06
8	-3.70829e-06
8.11111	-3.69152e-06
8.22222	-3.67776e-06
8.33333	-3.67765e-06
8.44444	-3.66651e-06
8.55556	-3.40401e-06
8.66667	6.99286e-06
8.77778	4.08735e-05
8.88889	0.00010483
9	0.000214846
9.11111	0.000357443
9.22222	0.000502883
9.33333	0.000651715
9.44444	0.000797624
9.55556	0.000915562
9.66667	0.000947122
9.77778	0.000930922
9.88889	0.00089053
10	0.000856431
10.1111	0.000857471
10.2222	0.000886687
10.3333	0.000913276
10.4444	0.000908394
10.5556	0.000878941
10.6667	0.000843949
10.7778	0.00080405
10.8889	0.000759307
11	0.000747575
11.1111	0.000791196
11.2222	0.000869404
11.3333	0.000988666
11.4444	0.00117576
11.5556	0.00125222
11.6667	0.00126822
11.7778	0.00125045
11.8889	0.00122876
12	0.00125033
12.1111	0.00127791
12.2222	0.00130621
12.3333	0.00133799
12.4444	0.00139797
12.5556	0.00151157
12.6667	0.00156407
12.7778	0.00162689
12.8889	0.00167437
13	0.00171367
13.1111	0.00174849
13.2222	0.00177678
13.3333	0.00179007
13.4444	0.00178995
13.5556	0.00178283
13.6667	0.00177058
13.7778	0.00175774
13.8889	0.00174431
14	0.00172936
14.1111	0.00171337
14.2222	0.00169747
14.3333	0.00168166
14.4444	0.00166592
14.5556	0.00165032
14.6667	0.00163525
14.7778	0.0016201
14.8889	0.00160421
15	0.00158694
15.1111	0.00156823
15.2222	0.00154881
15.3333	0.00152901
15.4444	0.00150921
15.5556	0.00148972
15.6667	0.00147054
15.7778	0.00145162
15.8889	0.00143297
16	0.00141458
16.1111	0.00139644
16.2222	0.00137855
16.3333	0.0013609
16.4444	0.00134349
16.5556	0.00132625
16.6667	0.00130884
16.7778	0.00129123
16.8889	0.00127343
17	0.0012555
17.1111	0.00123652
17.2222	0.00121627
17.3333	0.00119599
17.4444	0.00117684
17.5556	0.00115966
17.6667	0.00114317
17.7778	0.001127
17.8889	0.00111099
18	0.001095
18.1111	0.00107901
18.2222	0.00106316
18.3333	0.0010475
18.4444	0.00103212
18.5556	0.00101709
18.6667	0.00100238
18.7778	0.000988037
18.8889	0.000974036
19	0.000960389
19.1111	0.000947054
19.2222	0.000933961
19.3333	0.000921074
19.4444	0.000908354
19.5556	0.000895794
19.6667	0.00088352
19.7778	0.000871461
19.8889	0.000859517
20	0.000847581
20.1111	0.000834478
20.2222	0.00081997
20.3333	0.00080543
20.4444	0.000792193
20.5556	0.000781113
20.6667	0.000770541
20.7778	0.00076011
20.8889	0.000749826
21	0.000739663
21.1111	0.000729621
21.2222	0.00071968
21.3333	0.000709847
21.4444	0.000700122
21.5556	0.000690527
21.6667	0.0006812
21.7778	0.000672057
21.8889	0.000662975
22	0.000653842
22.1111	0.000644038
22.2222	0.000633455
22.3333	0.00062276
22.4444	0.000612584
22.5556	0.000603356
22.6667	0.000594501
22.7778	0.000585844
22.8889	0.000577422
23	0.000569257
23.1111	0.000561305
23.2222	0.000553473
23.3333	0.000545724
23.4444	0.00053802
23.5556	0.000530324
23.6667	0.000522636
23.7778	0.000514964
23.8889	0.000507318
24	0.000499686
24.1111	0.000491826
24.2222	0.000483567
24.3333	0.00047523
24.4444	0.000467104
24.5556	0.000459479
24.6667	0.000452496
24.7778	0.000446036
24.8889	0.000439958
25	0.00043415
25.1111	0.000429665
25.2222	0.000426764
25.3333	0.000424061
25.4444	0.000420202
25.5556	0.000414131
25.6667	0.000406503
25.7778	0.000398248
25.8889	0.000388349
26	0.000382962
26.1111	0.000376479
26.2222	0.000370151
26.3333	0.000364158
26.4444	0.000358691
26.5556	0.000353924
26.6667	0.000349815
26.7778	0.00034599
26.8889	0.00034207
27	0.000337677
27.1111	0.000332908
27.2222	0.000328152
27.3333	0.000323431
27.4444	0.000318769
27.5556	0.00031419
27.6667	0.000309685
27.7778	0.000305231
27.8889	0.000300814
28	0.000296409
28.1111	0.000291496
28.2222	0.000286016
28.3333	0.000280668
28.4444	0.000276137
28.5556	0.000272855
28.6667	0.00026987
28.7778	0.000266972
28.8889	0.000264122
29	0.000261297
29.1111	0.00025854
29.2222	0.000255856
29.3333	0.00025315
29.4444	0.000250331
29.5556	0.000247316
29.6667	0.000244127
29.7778	0.000240841
29.8889	0.000237535
30	0.000234285
30.1111	0.000231087
30.2222	0.000227897
30.3333	0.000224728
30.4444	0.000221591
30.5556	0.000218643
30.6667	0.000216556
30.7778	0.000214882
30.8889	0.000212988
31	0.000210239
31.1111	0.000206415
31.2222	0.00020197
31.3333	0.000197338
31.4444	0.000192941
31.5556	0.000189088
31.6667	0.000185407
31.7778	0.000181854
31.8889	0.000178476
32	0.000175326
32.1111	0.000172481
32.2222	0.000169969
32.3333	0.000167765
32.4444	0.000165844
32.5556	0.00016424
32.6667	0.000163151
32.7778	0.000162307
32.8889	0.00016138
33	0.000160036
33.1111	0.00015818
33.2222	0.000156063
33.3333	0.000153903
33.4444	0.000151914
33.5556	0.000150323
33.6667	0.000149203
33.7778	0.000148246
33.8889	0.000147125
34	0.000145509
34.1111	0.000143455
34.2222	0.000141324
34.3333	0.000139171
34.4444	0.000137059
34.5556	0.00013504
34.6667	0.00013306
34.7778	0.000131123
34.8889	0.000129246
35	0.000127448
35.1111	0.000126104
35.2222	0.000125302
35.3333	0.000124641
35.4444	0.000123735
35.5556	0.000122295
35.6667	0.000120555
35.7778	0.000118712
35.8889	0.000116927
36	0.00011537
36.1111	0.000113992
36.2222	0.000112643
36.3333	0.000111364
36.4444	0.000110187
36.5556	0.000109136
36.6667	0.000108165
36.7778	0.000107223
36.8889	0.000106266
37	0.000105248
37.1111	0.000104192
37.2222	0.00010314
37.3333	0.000102096
37.4444	0.000101059
37.5556	0.000100033
37.6667	9.90244e-05
37.7778	9.81761e-05
37.8889	9.68778e-05
38	9.59099e-05
38.1111	9.45881e-05
38.2222	9.2837e-05
38.3333	9.09941e-05
38.4444	8.93929e-05
38.5556	8.83779e-05
38.6667	8.82176e-05
38.7778	8.84617e-05
38.8889	8.85832e-05
39	8.80625e-05
39.1111	8.69246e-05
39.2222	8.56425e-05
39.3333	8.43505e-05
39.4444	8.31897e-05
39.5556	8.22493e-05
39.6667	8.13477e-05
39.7778	8.0466e-05
39.8889	7.96198e-05
40	7.88239e-05
40.1111	7.80646e-05
40.2222	7.73137e-05
40.3333	7.65701e-05
40.4444	7.58342e-05
40.5556	7.51034e-05
40.6667	7.43869e-05
40.7778	7.36757e-05
40.8889	7.29704e-05
41	7.228e-05
41.1111	7.16056e-05
41.2222	7.09535e-05
41.3333	7.03178e-05
41.4444	6.96948e-05
41.5556	6.90776e-05
41.6667	6.84616e-05
41.7778	6.7839e-05
41.8889	6.72071e-05
42	6.65578e-05
42.1111	6.58651e-05
42.2222	6.50864e-05
42.3333	6.42649e-05
42.4444	6.34008e-05
42.5556	6.25471e-05
42.6667	6.16968e-05
42.7778	6.0886e-05
42.8889	6.01297e-05
43	5.94629e-05
43.1111	5.88493e-05
43.2222	5.82591e-05
43.3333	5.76897e-05
43.4444	5.71396e-05
43.5556	5.66092e-05
43.6667	5.60968e-05
43.7778	5.56014e-05
43.8889	5.51232e-05
44	5.4661e-05
44.1111	5.42177e-05
44.2222	5.37946e-05
44.3333	5.33819e-05
44.4444	5.29804e-05
44.5556	5.25812e-05
44.6667	5.21818e-05
44.7778	5.17731e-05
44.8889	5.13526e-05
45	5.09138e-05
45.1111	5.04487e-05
45.2222	4.99524e-05
45.3333	4.94366e-05
45.4444	4.89129e-05
45.5556	4.83946e-05
45.6667	4.78756e-05
45.7778	4.73841e-05
45.8889	4.69217e-05
46	4.65014e-05
46.1111	4.61129e-05
46.2222	4.57439e-05
46.3333	4.53872e-05
46.4444	4.504e-05
46.5556	4.46987e-05
46.6667	4.43598e-05
46.7778	4.4018e-05
46.8889	4.36718e-05
47	4.33146e-05
47.1111	4.29462e-05
47.2222	4.25683e-05
47.3333	4.2183e-05
47.4444	4.17958e-05
47.5556	4.14075e-05
47.6667	4.10227e-05
47.7778	4.06438e-05
47.8889	4.02744e-05
48	3.99189e-05
48.1111	3.96143e-05
48.2222	3.93816e-05
48.3333	3.92005e-05
48.4444	3.90513e-05
48.5556	3.89161e-05
48.6667	3.8773e-05
48.7778	3.86023e-05
48.8889	3.83871e-05
49	3.81056e-05
49.1111	3.77486e-05
49.2222	3.73238e-05
49.3333	3.68511e-05
49.4444	3.6356e-05
49.5556	3.58545e-05
49.6667	3.53722e-05
49.7778	3.49187e-05
49.8889	3.45109e-05
50	3.41884e-05
50.1111	3.38996e-05
50.2222	3.36234e-05
50.3333	3.33496e-05
50.4444	3.30737e-05
50.5556	3.28093e-05
50.6667	3.25448e-05
50.7778	3.22922e-05
50.8889	3.2045e-05
51	3.18021e-05
51.1111	3.15649e-05
51.2222	3.13309e-05
51.3333	3.10986e-05
51.4444	3.08684e-05
51.5556	3.06396e-05
51.6667	3.04109e-05
51.7778	3.01807e-05
51.8889	2.9951e-05
52	2.97192e-05
52.1111	2.94829e-05
52.2222	2.92387e-05
52.3333	2.89894e-05
52.4444	2.87376e-05
52.5556	2.84847e-05
52.6667	2.82332e-05
52.7778	2.79858e-05
52.8889	2.7744e-05
53	2.75088e-05
53.1111	2.72993e-05
53.2222	2.71205e-05
53.3333	2.69637e-05
53.4444	2.68215e-05
53.5556	2.66839e-05
53.6667	2.65397e-05
53.7778	2.63826e-05
53.8889	2.62003e-05
54	2.59873e-05
54.1111	2.57418e-05
54.2222	2.54779e-05
54.3333	2.51998e-05
54.4444	2.49133e-05
54.5556	2.46229e-05
54.6667	2.43342e-05
54.7778	2.4052e-05
54.8889	2.37809e-05
55	2.3527e-05
55.1111	2.32778e-05
55.2222	2.30254e-05
55.3333	2.27722e-05
55.4444	2.25248e-05
55.5556	2.2287e-05
55.6667	2.20647e-05
55.7778	2.18628e-05
55.8889	2.16859e-05
56	2.15375e-05
56.1111	2.14093e-05
56.2222	2.12788e-05
56.3333	2.11495e-05
56.4444	2.10089e-05
56.5556	2.0894e-05
56.6667	2.07669e-05
56.7778	2.06394e-05
56.8889	2.05126e-05
57	2.03865e-05
57.1111	2.02608e-05
57.2222	2.01358e-05
57.3333	2.00112e-05
57.4444	1.98873e-05
57.5556	1.97636e-05
57.6667	1.96403e-05
57.7778	1.95186e-05
57.8889	1.93957e-05
58	1.92729e-05
58.1111	1.91408e-05
58.2222	1.89886e-05
58.3333	1.88216e-05
58.4444	1.86438e-05
58.5556	1.84593e-05
58.6667	1.8272e-05
58.7778	1.80863e-05
58.8889	1.7906e-05
59	1.77348e-05
59.1111	1.75703e-05
59.2222	1.741e-05
59.3333	1.72469e-05
59.4444	1.70872e-05
59.5556	1.69305e-05
59.6667	1.67766e-05
59.7778	1.66264e-05
59.8889	1.64794e-05
60	1.63369e-05
60.1111	1.62205e-05
60.2222	1.61437e-05
60.3333	1.60978e-05
60.4444	1.60715e-05
60.5556	1.60543e-05
60.6667	1.60367e-05
60.7778	1.60084e-05
60.8889	1.59589e-05
61	1.58785e-05
61.1111	1.57722e-05
61.2222	1.5656e-05
61.3333	1.55311e-05
61.4444	1.54052e-05
61.5556	1.52776e-05
61.6667	1.51524e-05
61.7778	1.50336e-05
61.8889	1.49206e-05
62	1.48192e-05
62.1111	1.47358e-05
62.2222	1.46641e-05
62.3333	1.46017e-05
62.4444	1.4543e-05
62.5556	1.44833e-05
62.6667	1.44179e-05
62.7778	1.43418e-05
62.8889	1.42529e-05
63	1.41408e-05
63.1111	1.40183e-05
63.2222	1.38956e-05
63.3333	1.37759e-05
63.4444	1.36543e-05
63.5556	1.35336e-05
63.6667	1.34134e-05
63.7778	1.32934e-05
63.8889	1.3174e-05
64	1.30548e-05
64.1111	1.29359e-05
64.2222	1.28175e-05
64.3333	1.26982e-05
64.4444	1.25825e-05
64.5556	1.24663e-05
64.6667	1.235e-05
64.7778	1.22334e-05
64.8889	1.21161e-05
65	1.20012e-05
65.1111	1.19061e-05
65.2222	1.18393e-05
65.3333	1.17971e-05
65.4444	1.17724e-05
65.5556	1.17566e-05
65.6667	1.1743e-05
65.7778	1.17242e-05
65.8889	1.1693e-05
66	1.16414e-05
66.1111	1.15764e-05
66.2222	1.15086e-05
66.3333	1.14386e-05
66.4444	1.1366e-05
66.5556	1.1291e-05
66.6667	1.12133e-05
66.7778	1.11335e-05
66.8889	1.10511e-05
67	1.09664e-05
67.1111	1.08694e-05
67.2222	1.07558e-05
67.3333	1.0631e-05
67.4444	1.05011e-05
67.5556	1.03723e-05
67.6667	1.02504e-05
67.7778	1.01416e-05
67.8889	1.00519e-05
68	9.98686e-06
68.1111	9.94059e-06
68.2222	9.90073e-06
68.3333	9.86579e-06
68.4444	9.83416e-06
68.5556	9.80417e-06
68.6667	9.77448e-06
68.7778	9.74292e-06
68.8889	9.70893e-06
69	9.66996e-06
69.1111	9.62792e-06
69.2222	9.58522e-06
69.3333	9.54162e-06
69.4444	9.49797e-06
69.5556	9.45433e-06
69.6667	9.41085e-06
69.7778	9.36792e-06
69.8889	9.32575e-06
70	9.28431e-06
70.1111	9.24922e-06
70.2222	9.22334e-06
70.3333	9.20361e-06
70.4444	9.18746e-06
70.5556	9.17218e-06
70.6667	9.15503e-06
70.7778	9.13312e-06
70.8889	9.10388e-06
71	9.06491e-06
71.1111	9.00156e-06
71.2222	8.90893e-06
71.3333	8.79425e-06
71.4444	8.6656e-06
71.5556	8.53095e-06
71.6667	8.39816e-06
71.7778	8.27504e-06
71.8889	8.16959e-06
72	8.08918e-06
72.1111	8.02474e-06
72.2222	7.96216e-06
72.3333	7.90105e-06
72.4444	7.84202e-06
72.5556	7.78543e-06
72.6667	7.73148e-06
72.7778	7.68041e-06
72.8889	7.63264e-06
73	7.5884e-06
73.1111	7.54779e-06
73.2222	7.51006e-06
73.3333	7.47437e-06
73.4444	7.43977e-06
73.5556	7.40519e-06
73.6667	7.36984e-06
73.7778	7.33279e-06
73.8889	7.29313e-06
74	7.24987e-06
74.1111	7.20177e-06
74.2222	7.14915e-06
74.3333	7.09344e-06
74.4444	7.03599e-06
74.5556	6.97825e-06
74.6667	6.92177e-06
74.7778	6.86779e-06
74.8889	6.81779e-06
75	6.77309e-06
75.1111	6.73329e-06
75.2222	6.69612e-06
75.3333	6.66096e-06
75.4444	6.62706e-06
75.5556	6.59382e-06
75.6667	6.56044e-06
75.7778	6.52635e-06
75.8889	6.49073e-06
76	6.45305e-06
76.1111	6.41232e-06
76.2222	6.36907e-06
76.3333	6.3242e-06
76.4444	6.2785e-06
76.5556	6.23292e-06
76.6667	6.18829e-06
76.7778	6.14502e-06
76.8889	6.10612e-06
77	6.06977e-06
77.1111	6.03767e-06
77.2222	6.00948e-06
77.3333	5.9841e-06
77.4444	5.96053e-06
77.5556	5.9379e-06
77.6667	5.9151e-06
77.7778	5.89118e-06
77.8889	5.86525e-06
78	5.8365e-06
78.1111	5.80545e-06
78.2222	5.77387e-06
78.3333	5.74193e-06
78.4444	5.70951e-06
78.5556	5.67653e-06
78.6667	5.64304e-06
78.7778	5.60911e-06
78.8889	5.57471e-06
79	5.53984e-06
79.1111	5.50304e-06
79.2222	5.46351e-06
79.3333	5.4221e-06
79.4444	5.37961e-06
79.5556	5.33702e-06
79.6667	5.29496e-06
79.7778	5.25444e-06
79.8889	5.21605e-06
80	5.18089e-06
80.1111	5.14891e-06
80.2222	5.11957e-06
80.3333	5.0924e-06
80.4444	5.0672e-06
80.5556	5.04364e-06
80.6667	5.02147e-06
80.7778	5.00035e-06
80.8889	4.98001e-06
81	4.96018e-06
81.1111	4.94044e-06
81.2222	4.92078e-06
81.3333	4.90079e-06
81.4444	4.88002e-06
81.5556	4.85832e-06
81.6667	4.83544e-06
81.7778	4.81088e-06
81.8889	4.78485e-06
82	4.75661e-06
82.1111	4.72616e-06
82.2222	4.69375e-06
82.3333	4.65975e-06
82.4444	4.62449e-06
82.5556	4.58808e-06
82.6667	4.55107e-06
82.7778	4.51292e-06
82.8889	4.47579e-06
83	4.43826e-06
83.1111	4.40114e-06
83.2222	4.36475e-06
83.3333	4.32936e-06
83.4444	4.29538e-06
83.5556	4.26275e-06
83.6667	4.23213e-06
83.7778	4.2037e-06
83.8889	4.17758e-06
84	4.15429e-06
84.1111	4.13255e-06
84.2222	4.11076e-06
84.3333	4.08906e-06
84.4444	4.06741e-06
84.5556	4.04585e-06
84.6667	4.02442e-06
84.7778	4.00286e-06
84.8889	3.98143e-06
85	3.96006e-06
85.1111	3.93874e-06
85.2222	3.91745e-06
85.3333	3.89613e-06
85.4444	3.87512e-06
85.5556	3.85404e-06
85.6667	3.83296e-06
85.7778	3.81199e-06
85.8889	3.79105e-06
86	3.77014e-06
86.1111	3.7493e-06
86.2222	3.72847e-06
86.3333	3.70773e-06
86.4444	3.68704e-06
86.5556	3.66639e-06
86.6667	3.64581e-06
86.7778	3.62528e-06
86.8889	3.60474e-06
87	3.58431e-06
87.1111	3.5639e-06
87.2222	3.54348e-06
87.3333	3.5232e-06
87.4444	3.503e-06
87.5556	3.48275e-06
87.6667	3.46256e-06
87.7778	3.44246e-06
87.8889	3.42232e-06
88	3.40239e-06
88.1111	3.3824e-06
88.2222	3.36239e-06
88.3333	3.3425e-06
88.4444	3.32261e-06
88.5556	3.30274e-06
88.6667	3.28299e-06
88.7778	3.26339e-06
88.8889	3.24361e-06
89	3.22392e-06
89.1111	3.20442e-06
89.2222	3.18484e-06
89.3333	3.16537e-06
89.4444	3.14599e-06
89.5556	3.12654e-06
89.6667	3.10714e-06
89.7778	3.08773e-06
89.8889	3.06841e-06
90	3.04922e-06
90.1111	3.03007e-06
90.2222	3.01084e-06
90.3333	2.9919e-06
90.4444	2.97269e-06
90.5556	2.9536e-06
90.6667	2.93467e-06
90.7778	2.91574e-06
90.8889	2.89679e-06
91	2.87791e-06
91.1111	2.85908e-06
91.2222	2.84031e-06
91.3333	2.82153e-06
91.4444	2.80285e-06
91.5556	2.78423e-06
91.6667	2.76562e-06
91.7778	2.747e-06
91.8889	2.72841e-06
92	2.70992e-06
92.1111	2.69239e-06
92.2222	2.67652e-06
92.3333	2.66207e-06
92.4444	2.64937e-06
92.5556	2.63713e-06
92.6667	2.62615e-06
92.7778	2.61592e-06
92.8889	2.6062e-06
93	2.59698e-06
93.1111	2.58788e-06
93.2222	2.57888e-06
93.3333	2.56972e-06
93.4444	2.56014e-06
93.5556	2.55009e-06
93.6667	2.53939e-06
93.7778	2.52769e-06
93.8889	2.51503e-06
94	2.50109e-06
94.1111	2.48592e-06
94.2222	2.46967e-06
94.3333	2.45265e-06
94.4444	2.43477e-06
94.5556	2.41634e-06
94.6667	2.39729e-06
94.7778	2.37812e-06
94.8889	2.35864e-06
95	2.33914e-06
95.1111	2.31975e-06
95.2222	2.30061e-06
95.3333	2.28182e-06
95.4444	2.26349e-06
95.5556	2.24592e-06
95.6667	2.22901e-06
95.7778	2.21315e-06
95.8889	2.19825e-06
96	2.18453e-06
96.1111	2.17187e-06
96.2222	2.15977e-06
96.3333	2.14816e-06
96.4444	2.13711e-06
96.5556	2.12641e-06
96.6667	2.11603e-06
96.7778	2.10595e-06
96.8889	2.09605e-06
97	2.08626e-06
97.1111	2.0765e-06
97.2222	2.06677e-06
97.3333	2.05692e-06
97.4444	2.04692e-06
97.5556	2.03668e-06
97.6667	2.02615e-06
97.7778	2.01534e-06
97.8889	2.0041e-06
98	1.99212e-06
98.1111	1.98006e-06
98.2222	1.9674e-06
98.3333	1.95392e-06
98.4444	1.94034e-06
98.5556	1.92644e-06
98.6667	1.91233e-06
98.7778	1.89805e-06
98.8889	1.88374e-06
99	1.86937e-06
99.1111	1.85508e-06
99.2222	1.84091e-06
99.3333	1.82693e-06
99.4444	1.81316e-06
99.5556	1.79973e-06
99.6667	1.7867e-06
99.7778	1.77406e-06
99.8889	1.76197e-06
