Data table for Real componets Re[epsilon] for Argon gas
Re values are multiplied by 1e4 to better display the scale
Energy[eV]	Re*1e4
10	0.000466553
10.4	0.000479355
10.8	0.000493629
11.2	0.000509644
11.6	0.000527747
12	0.000548371
12.4	0.00057206
12.8	0.000599638
13.2	0.000632278
13.6	0.000671664
14	0.000720593
14.4	0.000783794
14.8	0.000871204
15.2	0.00100701
15.6	0.00129545
16	0.00138772
16.4	0.00102121
16.8	0.000840518
17.2	0.000713122
17.6	0.000608742
18	0.000520769
18.4	0.000443344
18.8	0.000374826
19.2	0.000312196
19.6	0.000255988
20	0.000205462
20.4	0.000157857
20.8	0.000113785
21.2	7.12484e-05
21.6	3.48286e-05
22	1.65776e-06
22.4	-3.38831e-05
22.8	-5.08108e-05
23.2	-9.33166e-05
23.6	-0.00011875
24	-0.000133358
24.4	-0.000165357
24.8	-0.000180615
25.2	-0.000201266
25.6	-0.000217304
26	-0.000231794
26.4	-0.000245611
26.8	-0.000259017
27.2	-0.000271365
27.6	-0.000281259
28	-0.000290405
28.4	-0.000299542
28.8	-0.000306532
29.2	-0.000312222
29.6	-0.000318192
30	-0.00032347
30.4	-0.000327386
30.8	-0.000330534
31.2	-0.000333085
31.6	-0.000334503
32	-0.000335207
32.4	-0.000335194
32.8	-0.000334082
33.2	-0.000332499
33.6	-0.000330112
34	-0.000327383
34.4	-0.000324368
34.8	-0.000320748
35.2	-0.00031604
35.6	-0.000309809
36	-0.000299716
36.4	-0.000291473
36.8	-0.000280789
37.2	-0.000271414
37.6	-0.000262142
38	-0.000255567
38.4	-0.000245294
38.8	-0.000237585
39.2	-0.000229293
39.6	-0.000221825
40	-0.000213636
40.4	-0.000203135
40.8	-0.00019901
41.2	-0.00019207
41.6	-0.000185372
42	-0.000178902
42.4	-0.000172652
42.8	-0.000166666
43.2	-0.000160838
43.6	-0.000155304
44	-0.000149994
44.4	-0.000144919
44.8	-0.000140075
45.2	-0.000135446
45.6	-0.000131034
46	-0.000126829
46.4	-0.000122814
46.8	-0.000119003
47.2	-0.000115335
47.6	-0.000111853
48	-0.000108542
48.4	-0.000105384
48.8	-0.000102378
49.2	-9.95083e-05
49.6	-9.6771e-05
50	-9.41715e-05
50.4	-9.16917e-05
50.8	-8.93301e-05
51.2	-8.7087e-05
51.6	-8.49437e-05
52	-8.28972e-05
52.4	-8.09474e-05
52.8	-7.90825e-05
53.2	-7.73016e-05
53.6	-7.55979e-05
54	-7.3976e-05
54.4	-7.24315e-05
54.8	-7.09675e-05
55.2	-6.95797e-05
55.6	-6.8267e-05
56	-6.70217e-05
56.4	-6.58301e-05
56.8	-6.46896e-05
57.2	-6.3588e-05
57.6	-6.2514e-05
58	-6.14695e-05
58.4	-6.04498e-05
58.8	-5.94501e-05
59.2	-5.84757e-05
59.6	-5.75302e-05
60	-5.66102e-05
60.4	-5.56659e-05
60.8	-5.48601e-05
61.2	-5.40258e-05
61.6	-5.32192e-05
62	-5.24366e-05
62.4	-5.16715e-05
62.8	-5.09275e-05
63.2	-5.02003e-05
63.6	-4.94878e-05
64	-4.87891e-05
64.4	-4.81039e-05
64.8	-4.74327e-05
65.2	-4.66586e-05
65.6	-4.61345e-05
66	-4.55084e-05
66.4	-4.48979e-05
66.8	-4.43039e-05
67.2	-4.37267e-05
67.6	-4.31682e-05
68	-4.26201e-05
68.4	-4.209e-05
68.8	-4.15691e-05
69.2	-4.1067e-05
69.6	-4.05729e-05
70	-4.00894e-05
70.4	-3.9614e-05
70.8	-3.91342e-05
71.2	-3.86911e-05
71.6	-3.82403e-05
72	-3.77965e-05
72.4	-3.73606e-05
72.8	-3.69432e-05
73.2	4.37653e-06
73.6	-3.60977e-05
74	-3.56945e-05
74.4	-3.52919e-05
74.8	-3.49041e-05
75.2	-3.45174e-05
75.6	-3.41415e-05
76	-3.37743e-05
76.4	-3.34114e-05
76.8	-3.30548e-05
77.2	-3.27045e-05
77.6	-3.23606e-05
78	-3.20222e-05
78.4	-3.16907e-05
78.8	-3.13662e-05
79.2	-3.1048e-05
79.6	-3.07335e-05
80	-3.04264e-05
80.4	-3.01241e-05
80.8	-2.98272e-05
81.2	-2.95368e-05
81.6	-2.9252e-05
82	-2.89709e-05
82.4	-2.86947e-05
82.8	-2.84248e-05
83.2	-2.81569e-05
83.6	-2.79003e-05
84	-2.76314e-05
84.4	-2.73756e-05
84.8	-2.71222e-05
85.2	-2.68733e-05
85.6	-2.66269e-05
86	-2.63845e-05
86.4	-2.61451e-05
86.8	-2.59095e-05
87.2	-2.56761e-05
87.6	-2.54466e-05
88	-2.52194e-05
88.4	-2.49958e-05
88.8	-2.47754e-05
89.2	-2.45575e-05
89.6	-2.43435e-05
90	-2.41315e-05
90.4	-2.39235e-05
90.8	-2.37184e-05
91.2	-2.3516e-05
91.6	-2.33164e-05
92	-2.31195e-05
92.4	-2.29263e-05
92.8	-2.27358e-05
93.2	-2.25467e-05
93.6	-2.2361e-05
94	-2.21785e-05
94.4	-2.19982e-05
94.8	-2.18202e-05
95.2	-2.16417e-05
95.6	-2.14683e-05
96	-2.12957e-05
96.4	-2.11322e-05
96.8	-2.09647e-05
97.2	-2.08005e-05
97.6	-2.06378e-05
98	-2.04776e-05
98.4	-2.0319e-05
98.8	-2.01627e-05
99.2	-2.00078e-05
99.6	-1.98552e-05
100	-1.97024e-05
100.4	-1.95528e-05
100.8	-1.94054e-05
101.2	-1.92594e-05
101.6	-1.91142e-05
102	-1.89716e-05
102.4	-1.88299e-05
102.8	-1.86898e-05
103.2	-1.85507e-05
103.6	-1.84148e-05
104	-1.8278e-05
104.4	-1.8144e-05
104.8	-1.80107e-05
105.2	-1.78793e-05
105.6	-1.77492e-05
106	-1.76216e-05
106.4	-1.74932e-05
106.8	-1.73667e-05
107.2	-1.72423e-05
107.6	-1.71181e-05
108	-1.69959e-05
108.4	-1.68746e-05
108.8	-1.67546e-05
109.2	-1.66355e-05
109.6	-1.65181e-05
110	-1.64017e-05
110.4	-1.62861e-05
110.8	-1.6178e-05
111.2	-1.60587e-05
111.6	-1.59463e-05
112	-1.58353e-05
112.4	-1.57254e-05
112.8	-1.56161e-05
113.2	-1.55086e-05
113.6	-1.54016e-05
114	-1.52953e-05
114.4	-1.51901e-05
114.8	-1.50859e-05
115.2	-1.49816e-05
115.6	-1.48807e-05
116	-1.47794e-05
116.4	-1.46782e-05
116.8	-1.45797e-05
117.2	-1.44809e-05
117.6	-1.43832e-05
118	-1.42861e-05
118.4	-1.41904e-05
118.8	-1.40951e-05
119.2	-1.40162e-05
119.6	-1.39107e-05
120	-1.37854e-05
120.4	-1.37229e-05
120.8	-1.36319e-05
121.2	-1.35415e-05
121.6	-1.34521e-05
122	-1.33636e-05
122.4	-1.32758e-05
122.8	-1.3189e-05
123.2	-1.31066e-05
123.6	-1.30175e-05
124	-1.2933e-05
124.4	-1.28497e-05
124.8	-1.27671e-05
125.2	-1.26852e-05
125.6	-1.26045e-05
126	-1.25239e-05
126.4	-1.24454e-05
126.8	-1.23667e-05
127.2	-1.2289e-05
127.6	-1.22121e-05
128	-1.21361e-05
128.4	-1.20607e-05
128.8	-1.19858e-05
129.2	-1.19121e-05
129.6	-1.18386e-05
130	-1.17658e-05
130.4	-1.16926e-05
130.8	-1.16219e-05
131.2	-1.15507e-05
131.6	-1.14807e-05
132	-1.14112e-05
132.4	-1.13422e-05
132.8	-1.12733e-05
133.2	-1.12051e-05
133.6	-1.11372e-05
134	-1.10697e-05
134.4	-1.10026e-05
134.8	-1.09362e-05
135.2	-1.08697e-05
135.6	-1.08022e-05
136	-1.07363e-05
136.4	-1.06716e-05
136.8	-1.06069e-05
137.2	-1.05428e-05
137.6	-1.04786e-05
138	-1.04151e-05
138.4	-1.03525e-05
138.8	-1.02898e-05
139.2	-1.02272e-05
139.6	-1.01654e-05
140	-1.01038e-05
140.4	-1.00428e-05
140.8	-9.98214e-06
141.2	-9.92205e-06
141.6	-9.86275e-06
142	-9.80327e-06
142.4	-9.74467e-06
142.8	-9.68603e-06
143.2	-9.62833e-06
143.6	-9.57041e-06
144	-9.51344e-06
144.4	-9.45676e-06
144.8	-9.40042e-06
145.2	-9.34458e-06
145.6	-9.28971e-06
146	-9.23415e-06
146.4	-9.17937e-06
146.8	-9.12503e-06
147.2	-9.07113e-06
147.6	-9.01737e-06
148	-8.96408e-06
148.4	-8.91211e-06
148.8	-8.85869e-06
149.2	-8.80652e-06
149.6	-8.7545e-06
150	-8.70276e-06
150.4	-8.65142e-06
150.8	-8.60035e-06
151.2	-8.54925e-06
151.6	-8.49858e-06
152	-8.44812e-06
152.4	-8.39807e-06
152.8	-8.34818e-06
153.2	-8.29868e-06
153.6	-8.24971e-06
154	-8.20072e-06
154.4	-8.15258e-06
154.8	-8.10476e-06
155.2	-8.05704e-06
155.6	-8.00971e-06
156	-7.96256e-06
156.4	-7.9158e-06
156.8	-7.86932e-06
157.2	-7.82333e-06
157.6	-7.77773e-06
158	-7.7322e-06
158.4	-7.68738e-06
158.8	-7.64253e-06
159.2	-7.59803e-06
159.6	-7.55455e-06
160	-7.51115e-06
160.4	-7.46766e-06
160.8	-7.42481e-06
161.2	-7.38234e-06
161.6	-7.34005e-06
162	-7.29806e-06
162.4	-7.25644e-06
162.8	-7.21512e-06
163.2	-7.17387e-06
163.6	-7.13285e-06
164	-7.09218e-06
164.4	-7.05078e-06
164.8	-7.01013e-06
165.2	-6.97055e-06
165.6	-6.92999e-06
166	-6.88956e-06
166.4	-6.84916e-06
166.8	-6.80856e-06
167.2	-6.76831e-06
167.6	-6.72773e-06
168	-6.68702e-06
168.4	-6.64647e-06
168.8	-6.60579e-06
169.2	-6.56495e-06
169.6	-6.52395e-06
170	-6.48291e-06
170.4	-6.44171e-06
170.8	-6.40049e-06
171.2	-6.35909e-06
171.6	-6.3177e-06
172	-6.27618e-06
172.4	-6.23468e-06
172.8	-6.19311e-06
173.2	-6.15162e-06
173.6	-6.10929e-06
174	-6.06878e-06
174.4	-6.02753e-06
174.8	-5.98638e-06
175.2	-5.9449e-06
175.6	-5.90411e-06
176	-5.86374e-06
176.4	-5.82419e-06
176.8	-5.78464e-06
177.2	-5.74563e-06
177.6	-5.7071e-06
178	-5.66985e-06
178.4	-5.63327e-06
178.8	-5.5976e-06
179.2	-5.56287e-06
179.6	-5.52824e-06
180	-5.49702e-06
180.4	-5.46574e-06
180.8	-5.43545e-06
181.2	-5.40589e-06
181.6	-5.37785e-06
182	-5.35079e-06
182.4	-5.32486e-06
182.8	-5.29998e-06
183.2	-5.27612e-06
183.6	-5.25318e-06
184	-5.23115e-06
184.4	-5.20998e-06
184.8	-5.18962e-06
185.2	-5.17013e-06
185.6	-5.15138e-06
186	-5.13322e-06
186.4	-5.11561e-06
186.8	-5.09849e-06
187.2	-5.08175e-06
187.6	-5.06528e-06
188	-5.04881e-06
188.4	-5.03245e-06
188.8	-5.016e-06
189.2	-4.99929e-06
189.6	-4.98207e-06
190	-4.96434e-06
190.4	-4.9457e-06
190.8	-4.92592e-06
191.2	-4.90381e-06
191.6	-4.88025e-06
192	-4.85432e-06
192.4	-4.8258e-06
192.8	-4.79471e-06
193.2	-4.76109e-06
193.6	-4.72396e-06
194	-4.6844e-06
194.4	-4.64188e-06
194.8	-4.5963e-06
195.2	-4.54769e-06
195.6	-4.496e-06
196	-4.4414e-06
196.4	-4.38376e-06
196.8	-4.32312e-06
197.2	-4.25972e-06
197.6	-4.19346e-06
198	-4.12468e-06
198.4	-4.05304e-06
198.8	-3.97914e-06
199.2	-3.90266e-06
199.6	-3.82395e-06
