interpolated sigma values for 1e5 MC events
track lenght 1188mm and cluster size 12mm

pi = pion, p=proton ,d=deutron, t=triton
pi[Mev/c] sigma/<C> [%] p[Mev/c] sigma/<C> [%] d[Mev/c] sigma/<C> [%] t[Mev/c] sigma/<C> [%]
48	3.25386	321.6	3.25386	643.2	3.25386	964.8	3.25386	
65.83	3.29165	333.546	3.29165	667.092	3.29165	1000.64	3.29165	
83.6601	3.32939	345.492	3.32939	690.984	3.32939	1036.48	3.32939	
101.49	3.36703	357.438	3.36703	714.876	3.36703	1072.31	3.36703	
119.32	3.40452	369.384	3.40452	738.769	3.40452	1108.15	3.40452	
137.15	3.44181	381.331	3.44181	762.661	3.44181	1143.99	3.44181	
154.98	3.47885	393.277	3.47885	786.553	3.47885	1179.83	3.47885	
172.81	3.51559	405.223	3.51559	810.446	3.51559	1215.67	3.51559	
190.64	3.55198	417.169	3.55198	834.338	3.55198	1251.51	3.55198	
208.47	3.58796	429.115	3.58796	858.23	3.58796	1287.35	3.58796	
226.3	3.62349	441.061	3.62349	882.122	3.62349	1323.18	3.62349	
244.13	3.65853	453.007	3.65853	906.015	3.65853	1359.02	3.65853	
261.96	3.69301	464.953	3.69301	929.907	3.69301	1394.86	3.69301	
279.791	3.72688	476.9	3.72688	953.799	3.72688	1430.7	3.72688	
297.621	3.76011	488.846	3.76011	977.691	3.76011	1466.54	3.76011	
315.451	3.79264	500.792	3.79264	1001.58	3.79264	1502.38	3.79264	
333.281	3.82447	512.738	3.82447	1025.48	3.82447	1538.21	3.82447	
351.111	3.85562	524.684	3.85562	1049.37	3.85562	1574.05	3.85562	
368.941	3.88609	536.63	3.88609	1073.26	3.88609	1609.89	3.88609	
386.771	3.91591	548.576	3.91591	1097.15	3.91591	1645.73	3.91591	
404.601	3.94508	560.522	3.94508	1121.04	3.94508	1681.57	3.94508	
422.431	3.97362	572.469	3.97362	1144.94	3.97362	1717.41	3.97362	
440.261	4.00154	584.415	4.00154	1168.83	4.00154	1753.24	4.00154	
458.091	4.02886	596.361	4.02886	1192.72	4.02886	1789.08	4.02886	
475.921	4.05558	608.307	4.05558	1216.61	4.05558	1824.92	4.05558	
493.751	4.08172	620.253	4.08172	1240.51	4.08172	1860.76	4.08172	
511.581	4.1073	632.199	4.1073	1264.4	4.1073	1896.6	4.1073	
529.411	4.13232	644.145	4.13232	1288.29	4.13232	1932.44	4.13232	
547.241	4.15681	656.091	4.15681	1312.18	4.15681	1968.27	4.15681	
565.071	4.18076	668.038	4.18076	1336.08	4.18076		
582.901	4.20419	679.984	4.20419	1359.97	4.20419		
600.731	4.22711	691.93	4.22711	1383.86	4.22711		
618.561	4.24951	703.876	4.24951	1407.75	4.24951		
636.391	4.27139	715.822	4.27139	1431.64	4.27139		
654.221	4.29276	727.768	4.29276	1455.54	4.29276		
672.051	4.31362	739.714	4.31362	1479.43	4.31362		
689.881	4.33397	751.66	4.33397	1503.32	4.33397		
707.711	4.35382	763.607	4.35382	1527.21	4.35382		
725.542	4.37317	775.553	4.37317	1551.11	4.37317		
743.372	4.39201	787.499	4.39201	1575	4.39201		
761.202	4.41036	799.445	4.41036	1598.89	4.41036		
779.032	4.42822	811.391	4.42822	1622.78	4.42822		
796.862	4.44558	823.337	4.44558	1646.67	4.44558		
814.692	4.46245	835.283	4.46245	1670.57	4.46245		
832.522	4.47885	847.229	4.47885	1694.46	4.47885		
850.352	4.49482	859.176	4.49482	1718.35	4.49482		
868.182	4.5104	871.122	4.5104	1742.24	4.5104		
886.012	4.52561	883.068	4.52561	1766.14	4.52561		
903.842	4.54049	895.014	4.54049	1790.03	4.54049		
921.672	4.55509	906.96	4.55509	1813.92	4.55509		
939.502	4.56943	918.906	4.56943	1837.81	4.56943		
957.332	4.58355	930.852	4.58355	1861.7	4.58355		
975.162	4.59748	942.798	4.59748	1885.6	4.59748		
992.992	4.61127	954.745	4.61127	1909.49	4.61127		
1010.82	4.62494	966.691	4.62494	1933.38	4.62494		
1028.65	4.63853	978.637	4.63853	1957.27	4.63853		
1046.48	4.65208	990.583	4.65208	1981.17	4.65208		
1064.31	4.66562	1002.53	4.66562			
1082.14	4.67916	1014.48	4.67916			
1099.97	4.69269	1026.42	4.69269			
1117.8	4.70618	1038.37	4.70618			
1135.63	4.71961	1050.31	4.71961			
1153.46	4.73297	1062.26	4.73297			
1171.29	4.74624	1074.21	4.74624			
1189.12	4.75939	1086.15	4.75939			
1206.95	4.77241	1098.1	4.77241			
1224.78	4.78527	1110.04	4.78527			
1242.61	4.79797	1121.99	4.79797			
1260.44	4.81047	1133.94	4.81047			
1278.27	4.82276	1145.88	4.82276			
1296.1	4.83483	1157.83	4.83483			
1313.93	4.84664	1169.77	4.84664			
1331.76	4.85819	1181.72	4.85819			
1349.59	4.86944	1193.67	4.86944			
1367.42	4.88039	1205.61	4.88039			
1385.25	4.89101	1217.56	4.89101			
1403.08	4.90129	1229.51	4.90129			
1420.91	4.9112	1241.45	4.9112			
1438.74	4.92072	1253.4	4.92072			
1456.57	4.92984	1265.34	4.92984			
1474.4	4.93853	1277.29	4.93853			
1492.23	4.94678	1289.24	4.94678			
1510.06	4.95456	1301.18	4.95456			
1527.89	4.96185	1313.13	4.96185			
1545.72	4.96865	1325.07	4.96865			
1563.55	4.97492	1337.02	4.97492			
1581.38	4.98067	1348.97	4.98067			
1599.21	4.98597	1360.91	4.98597			
1617.04	4.99091	1372.86	4.99091			
1634.87	4.99555	1384.81	4.99555			
1652.7	4.99998	1396.75	4.99998			
1670.53	5.00426	1408.7	5.00426			
1688.36	5.00848	1420.64	5.00848			
1706.19	5.01271	1432.59	5.01271			
1724.02	5.01703	1444.54	5.01703			
1741.85	5.02152	1456.48	5.02152			
1759.68	5.02625	1468.43	5.02625			
1777.51	5.0313	1480.37	5.0313			
1795.34	5.03675	1492.32	5.03675			
1813.17	5.04266	1504.27	5.04266			
1831	5.0491	1516.21	5.0491			
1848.83	5.05598	1528.16	5.05598			
1866.66	5.06322	1540.1	5.06322			
1884.49	5.07072	1552.05	5.07072			
1902.32	5.07839	1564	5.07839			
1920.15	5.08614	1575.94	5.08614			
1937.98	5.09388	1587.89	5.09388			
1955.81	5.10152	1599.84	5.10152			
1973.64	5.10897	1611.78	5.10897			
1991.47	5.11613	1623.73	5.11613			
	1635.67	5.12291			
	1647.62	5.12923			
	1659.57	5.13498			
	1671.51	5.14008			
	1683.46	5.14446			
	1695.4	5.14816			
	1707.35	5.15126			
	1719.3	5.15384			
	1731.24	5.15597			
	1743.19	5.15774			
	1755.14	5.15921			
	1767.08	5.16046			
	1779.03	5.16158			
	1790.97	5.16263			
	1802.92	5.1637			
	1814.87	5.16487			
	1826.81	5.1662			
	1838.76	5.16778			
	1850.7	5.16968			
	1862.65	5.1719			
	1874.6	5.17442			
	1886.54	5.17721			
	1898.49	5.18026			
	1910.43	5.18353			
	1922.38	5.18702			
	1934.33	5.19068			
	1946.27	5.1945			
	1958.22	5.19847			
	1970.17	5.20254			
	1982.11	5.20671			
	1994.06	5.21094			
				
				
				
				
				
				
				
				
				
				
				
				
				
				
				
				
				
				
				
				
				
				
				
				
				
				
				
				
				
				
				
				
				
				
				
				
				
				
				
				
				
				
				
				
				
				
				
				
				
				
				
				
				
				
				
				
				
				
				
				
				
				
				
				
				
				
				
				
				
				
				
				
				
				
				
				
				
				
				
				
				
				
				
				
				
				
				
				
				
				
				
				
				
				
				
				
				
				
				
				
				
				
				
				
				
				
				
				
				
				
				
				
				
				
				
				
				
				
				
				
				
				
				
				
				
				
				
				
				
				
				
				
				
				
				
				
				
				
				
				
				
				
				
				
				
				
				
				
				
				
				
				
				
				
				
				
				
				
				
				
				
				
				
				
				
				
				
				
				
				
				
				
				
				
				
				
				
				
				
				
				
				
				
				
				
				
				
				
				
				
				
				
				
				
				
				
				
				
				
				
				
				
				
				
				
				
				
				
				
				
				
				
				
				
				
				
				
				
				
				
				
				
				
				
				
				
				
				
				
				
				
				
				
				
				
				
				
				
				
				
				
				
				
				
				
				
				
				
				
				
				
				
				
				
				
				
				
				
				
				
				
				
				
				
				
				
				
				
				
				
				
				
				
				
				
				
				
				
				
				
				
				
				
				
				
				
				
				
				
				
				
				
				
				
				
				
				
				
				
				
				
				
				
				
				
				
				
				
				
				
				
				
				
				
				
				
				
				
				
				
				
				
				
				
				
				
				
				
				
				
				
				
				
				
				
				
				
				
				
				
				
				
				
				
				
				
				
				
				
				
				
				
				
				
				
				
				
				
				
				
				
				
				
				
				
				
				
				
				
				
				
				
				
				
				
				
				
				
				
				
				
				
				
				
				
				
				
				
				
				
				
				
				
				
				
				
				
				
				
				
				
				
				
				
				
				
				
				
				
				
				
				
				
				
				
				
				
				
				
				
				
				
				
				
				
				
				
				
				
				
				
				
				
				
				
				
				
				
				
				
				
				
				
				
				
				
				
				
				
				
				
				
				
				
				
				
				
				
				
				
				
				
				
				
				
				
				
				
				
				
				
				
				
				
				
				
				
				
				
				
				
				
				
				
				
				
				
				
				
				
				
				
				
				
				
				
				
				
				
				
				
				
				
				
				
				
				
				
				
				
				
				
				
				
				
				
				
				
				
				
				
				
				
				
				
				
				
				
				
				
				
				
				
				
				
				
				
				
				
				
				
				
				
				
				
				
				
				
				
				
				
				
				
				
				
				
				
				
				
				
				
				
				
				
				
				
				
				
				
				
				
				
				
				
				
				
				
				
				
				
				
				
				
				
				
				
				
				
				
				
				
				
				
				
				
				
				
				
				
				
				
				
				
				
				
				
				
				
				
				
				
				
				
				
				
				
				
				
				
				
				
				
				
				
				
				
				
				
				
				
				
				
				
				
				
				
				
				
				
				
				
				
				
				
				
				
				
				
				
				
				
				
				
				
				
				
				
				
				
				
				
				
				
				
				
				
				
				
				
				
				
				
				
				
				
				
				
				
				
				
				
				
				
				
				
				
				
				
				
				
				
				
				
				
				
				
				
				
				
				
				
				
				
				
				
				
				
				
				
				
				
				
				
				
				
				
				
				
				
				
				
				
				
				
				
				
				
				
				
				
				
				
				
				
				
				
				
				
				
				
				
				
				
				
				
				
				
				
				
				
				
				
				
				
				
				
				
				
				
				
				
				
				
				
				
				
				
				
				
				
				
				
				
				
				
				
				
				
				
				
				
				
				
				
				
				
				
				
				
				
				
				
				
				
				
				
				
				
				
				
				
				
				
				
				
				
				
				
				
				
				
				
				
				
				
				
				
				
				
				
				
				
				
				
				
				
				
				
				
				
				
				
				
				
				
				
				
				
				
				
				
				
				
				
				
				
				
				
				
				
				
				
				
				
				
				
				
				
				
