0.2	0.000205261
0.4	0.000205345
0.6	0.000205485
0.8	0.000205682
1	0.000205935
1.2	0.000206246
1.4	0.000206616
1.6	0.000207044
1.8	0.000207532
2	0.000208082
2.2	0.000208694
2.4	0.00020937
2.6	0.000210112
2.8	0.000210921
3	0.0002118
3.2	0.000212751
3.4	0.000213776
3.6	0.000214878
3.8	0.000216061
4	0.000217327
4.2	0.000218681
4.4	0.000220127
4.6	0.000221669
4.8	0.000223313
5	0.00022508
5.2	0.000226946
5.4	0.000228932
5.6	0.000231047
5.8	0.0002333
6	0.0002357
6.2	0.00023826
6.4	0.000240991
6.6	0.000243909
6.8	0.00024703
7	0.000250374
7.2	0.000253962
7.4	0.000257822
7.6	0.000261983
7.8	0.000266482
8	0.000271363
8.2	0.000276677
8.4	0.00028249
8.6	0.000288882
8.8	0.000295954
9	0.000303837
9.2	0.000312701
9.4	0.000322778
9.6	0.000334392
9.8	0.000348011
10	0.000364353
10.2	0.000384601
10.4	0.000410943
10.6	0.000448536
10.8	0.000515221
11	0.00059495
11.2	0.000666447
11.4	0.000628643
11.6	0.000514025
11.8	0.000320076
12	0.00016567
12.2	-5.73619e-05
12.4	7.1733e-05
12.6	0.000114264
12.8	0.000154414
13	0.000217403
13.2	0.000281526
13.4	0.000353661
13.6	0.000446517
13.8	0.000498222
14	0.000464327
14.2	0.00038555
14.4	0.000306269
14.6	0.000258655
14.8	0.000270755
15	0.000270774
15.2	0.000258452
15.4	0.000241437
15.6	0.0002316
15.8	0.000220122
16	0.000210739
16.2	0.000196288
16.4	0.000183882
16.6	0.00017173
16.8	0.000161146
17	0.000151778
17.2	0.000140786
17.4	0.000130282
17.6	0.000123783
17.8	0.000109182
18	0.000103677
18.2	9.55648e-05
18.4	8.64353e-05
18.6	7.65482e-05
18.8	7.12688e-05
19	6.11541e-05
19.2	5.51514e-05
19.4	4.55645e-05
19.6	4.13075e-05
19.8	3.18288e-05
20	2.66947e-05
20.2	1.95724e-05
20.4	1.49419e-05
20.6	1.11833e-05
20.8	1.19965e-06
21	-2.16545e-06
21.2	-7.39685e-06
21.4	-1.18958e-05
21.6	-2.06752e-05
21.8	-2.51221e-05
22	-3.01799e-05
22.2	-3.57657e-05
22.4	-4.18011e-05
22.6	-4.81589e-05
22.8	-5.35117e-05
23	-5.72311e-05
23.2	-6.09084e-05
23.4	-6.53087e-05
23.6	-7.01268e-05
23.8	-7.41161e-05
24	-7.70373e-05
24.2	-8.01873e-05
24.4	-8.38586e-05
24.6	-8.77838e-05
24.8	-9.16541e-05
25	-9.55026e-05
25.2	-9.94719e-05
25.4	-0.000103966
25.6	-0.000109224
25.8	-0.00011502
26	-0.000121334
26.2	-0.000128805
26.4	-0.000135222
26.6	-0.000141733
26.8	-0.000143037
27	-0.000135806
27.2	-0.000130492
27.4	-0.000130193
27.6	-0.000132335
27.8	-0.000135124
28	-0.000139079
28.2	-0.000142041
28.4	-0.00014405
28.6	-0.000145634
28.8	-0.000147181
29	-0.000148694
29.2	-0.000150275
29.4	-0.000152262
29.6	-0.000155638
29.8	-0.000157314
30	-0.000154627
30.2	-0.000152205
30.4	-0.000150111
30.6	-0.000148467
30.8	-0.000147357
31	-0.00014648
31.2	-0.000145831
31.4	-0.000145387
31.6	-0.000145141
31.8	-0.000145042
32	-0.000145075
32.2	-0.000145338
32.4	-0.00014556
32.6	-0.000145697
32.8	-0.000145297
33	-0.000144111
33.2	-0.000142829
33.4	-0.000141523
33.6	-0.000140176
33.8	-0.000138978
34	-0.000138102
34.2	-0.000137251
34.4	-0.000135414
34.6	-0.000132901
34.8	-0.000131059
35	-0.00013014
35.2	-0.00012915
35.4	-0.000127881
35.6	-0.000126451
35.8	-0.000125271
36	-0.000128252
36.2	-0.000123642
36.4	-0.000122191
36.6	-0.000120333
36.8	-0.000118386
37	-0.00011631
37.2	-0.00011443
37.4	-0.00011277
37.6	-0.000111196
37.8	-0.000109588
38	-0.00010795
38.2	-0.000106274
38.4	-0.000104542
38.6	-0.000102683
38.8	-0.000100735
39	-9.87903e-05
39.2	-9.68898e-05
39.4	-9.5338e-05
39.6	-9.40396e-05
39.8	-9.25063e-05
40	-9.0657e-05
40.2	-8.89738e-05
40.4	-8.74185e-05
40.6	-8.59349e-05
40.8	-8.45072e-05
41	-8.31273e-05
41.2	-8.17896e-05
41.4	-8.04825e-05
41.6	-7.92004e-05
41.8	-7.79334e-05
42	-7.66776e-05
42.2	-7.54293e-05
42.4	-7.41645e-05
42.6	-7.28769e-05
42.8	-7.15722e-05
43	-7.02714e-05
43.2	-6.90122e-05
43.4	-6.7806e-05
43.6	-6.66548e-05
43.8	-6.55578e-05
44	-6.45094e-05
44.2	-6.34957e-05
44.4	-6.251e-05
44.6	-6.15485e-05
44.8	-6.06082e-05
45	-5.9687e-05
45.2	-5.8784e-05
45.4	-5.78846e-05
45.6	-5.69839e-05
45.8	-5.6083e-05
46	-5.51887e-05
46.2	-5.43178e-05
46.4	-5.34852e-05
46.6	-5.26955e-05
46.8	-5.19471e-05
47	-5.12319e-05
47.2	-5.05308e-05
47.4	-4.9837e-05
47.6	-4.91481e-05
47.8	-4.84637e-05
48	-4.77848e-05
48.2	-4.71165e-05
48.4	-4.64721e-05
48.6	-4.58564e-05
48.8	-4.52692e-05
49	-4.4706e-05
49.2	-4.41546e-05
49.4	-4.36031e-05
49.6	-4.30477e-05
49.8	-4.24889e-05
50	-4.19322e-05
50.2	-4.13915e-05
50.4	-4.08717e-05
50.6	-4.03729e-05
50.8	-3.9894e-05
51	-3.9431e-05
51.2	-3.89746e-05
51.4	-3.85247e-05
51.6	-3.80808e-05
51.8	-3.7643e-05
52	-3.72119e-05
52.2	-3.679e-05
52.4	-3.63759e-05
52.6	-3.59688e-05
52.8	-3.5569e-05
53	-3.51772e-05
53.2	-3.47948e-05
53.4	-3.4421e-05
53.6	-3.40551e-05
53.8	-3.36968e-05
54	-3.33457e-05
54.2	-3.30017e-05
54.4	-3.26647e-05
54.6	-3.23349e-05
54.8	-3.20121e-05
55	-3.16962e-05
55.2	-3.1387e-05
55.4	-3.10834e-05
55.6	-3.07849e-05
55.8	-3.04912e-05
56	-3.02022e-05
56.2	-2.9918e-05
56.4	-2.96391e-05
56.6	-2.93644e-05
56.8	-2.9094e-05
57	-2.88278e-05
57.2	-2.85655e-05
57.4	-2.83065e-05
57.6	-2.80522e-05
57.8	-2.78016e-05
58	-2.75544e-05
58.2	-2.73096e-05
58.4	-2.70676e-05
58.6	-2.68284e-05
58.8	-2.65921e-05
59	-2.63587e-05
59.2	-2.61278e-05
59.4	-2.58993e-05
59.6	-2.56729e-05
59.8	-2.5448e-05
60	-2.52231e-05
60.2	-2.49957e-05
60.4	-2.47739e-05
60.6	-2.45614e-05
60.8	-2.43586e-05
61	-2.41634e-05
61.2	-2.39699e-05
61.4	-2.37792e-05
61.6	-2.35921e-05
61.8	-2.34084e-05
62	-2.32279e-05
62.2	-2.30501e-05
62.4	-2.28732e-05
62.6	-2.26969e-05
62.8	-2.25209e-05
63	-2.23462e-05
63.2	-2.21743e-05
63.4	-2.20061e-05
63.6	-2.18417e-05
63.8	-2.16812e-05
64	-2.15239e-05
64.2	-2.13691e-05
64.4	-2.12168e-05
64.6	-2.10671e-05
64.8	-2.09197e-05
65	-2.07744e-05
65.2	-2.06312e-05
65.4	-2.04886e-05
65.6	-2.03459e-05
65.8	-2.02031e-05
66	-2.00607e-05
66.2	-1.99204e-05
66.4	-1.97826e-05
66.6	-1.96478e-05
66.8	-1.9516e-05
67	-1.93871e-05
67.2	-1.92603e-05
67.4	-1.91339e-05
67.6	-1.9007e-05
67.8	-1.88792e-05
68	-1.87506e-05
68.2	-1.86221e-05
68.4	-1.84986e-05
68.6	-1.83822e-05
68.8	-1.82726e-05
69	-1.81677e-05
69.2	-1.80627e-05
69.4	-1.79556e-05
69.6	-1.78457e-05
69.8	-1.77333e-05
70	-1.76198e-05
70.2	-1.75083e-05
70.4	-1.73974e-05
70.6	-1.72886e-05
70.8	-1.71801e-05
71	-1.70726e-05
71.2	-1.69658e-05
71.4	-1.68619e-05
71.6	-1.67616e-05
71.8	-1.6665e-05
72	-1.65712e-05
72.2	-1.64779e-05
72.4	-1.6385e-05
72.6	-1.6292e-05
72.8	-1.62002e-05
73	-1.61085e-05
73.2	-1.60178e-05
73.4	-1.59267e-05
73.6	-1.58345e-05
73.8	-1.5741e-05
74	-1.56461e-05
74.2	-1.55505e-05
74.4	-1.54585e-05
74.6	-1.5372e-05
74.8	-1.52912e-05
75	-1.52143e-05
75.2	-1.51368e-05
75.4	-1.50579e-05
75.6	-1.49773e-05
75.8	-1.48952e-05
76	-1.48124e-05
76.2	-1.47309e-05
76.4	-1.46518e-05
76.6	-1.45754e-05
76.8	-1.45015e-05
77	-1.44293e-05
77.2	-1.43565e-05
77.4	-1.42837e-05
77.6	-1.42111e-05
77.8	-1.41387e-05
78	-1.40667e-05
78.2	-1.39955e-05
78.4	-1.39252e-05
78.6	-1.38561e-05
78.8	-1.37884e-05
79	-1.3723e-05
79.2	-1.36602e-05
79.4	-1.35958e-05
79.6	-1.35276e-05
79.8	-1.34557e-05
80	-1.33817e-05
80.2	-1.33099e-05
80.4	-1.32407e-05
80.6	-1.31741e-05
80.8	-1.31101e-05
81	-1.30481e-05
81.2	-1.29866e-05
81.4	-1.2926e-05
81.6	-1.28663e-05
81.8	-1.28076e-05
82	-1.27502e-05
82.2	-1.26947e-05
82.4	-1.26376e-05
82.6	-1.25776e-05
82.8	-1.25145e-05
83	-1.2449e-05
83.2	-1.23837e-05
83.4	-1.23219e-05
83.6	-1.22647e-05
83.8	-1.22119e-05
84	-1.21611e-05
84.2	-1.21093e-05
84.4	-1.2056e-05
84.6	-1.20022e-05
84.8	-1.19483e-05
85	-1.18942e-05
85.2	-1.18405e-05
85.4	-1.17856e-05
85.6	-1.17293e-05
85.8	-1.16715e-05
86	-1.16132e-05
86.2	-1.1556e-05
86.4	-1.15002e-05
86.6	-1.1446e-05
86.8	-1.13934e-05
87	-1.13419e-05
87.2	-1.12908e-05
87.4	-1.12402e-05
87.6	-1.11901e-05
87.8	-1.11405e-05
88	-1.10914e-05
88.2	-1.10427e-05
88.4	-1.09952e-05
88.6	-1.0949e-05
88.8	-1.09045e-05
89	-1.08617e-05
89.2	-1.08206e-05
89.4	-1.07789e-05
89.6	-1.07347e-05
89.8	-1.06881e-05
90	-1.06398e-05
90.2	-1.05923e-05
90.4	-1.05445e-05
90.6	-1.04967e-05
90.8	-1.04487e-05
91	-1.04007e-05
91.2	-1.03532e-05
91.4	-1.0307e-05
91.6	-1.02623e-05
91.8	-1.02192e-05
92	-1.01774e-05
92.2	-1.0136e-05
92.4	-1.00951e-05
92.6	-1.00547e-05
92.8	-1.00149e-05
93	-9.97598e-06
93.2	-9.93875e-06
93.4	-9.89928e-06
93.6	-9.8561e-06
93.8	-9.80947e-06
94	-9.76149e-06
94.2	-9.71693e-06
94.4	-9.67446e-06
94.6	-9.63327e-06
94.8	-9.59299e-06
95	-9.5537e-06
95.2	-9.51527e-06
95.4	-9.47772e-06
95.6	-9.44112e-06
95.8	-9.4056e-06
96	-9.37163e-06
96.2	-9.33982e-06
96.4	-9.30875e-06
96.6	-9.27772e-06
96.8	-9.24668e-06
97	-9.21661e-06
97.2	-9.18945e-06
97.4	-9.15768e-06
97.6	-9.11834e-06
97.8	-9.07159e-06
98	-9.02028e-06
98.2	-8.97159e-06
98.4	-8.92733e-06
98.6	-8.88781e-06
98.8	-8.85252e-06
99	-8.81986e-06
99.2	-8.78622e-06
99.4	-8.75177e-06
99.6	-8.71661e-06
99.8	-8.68097e-06
100	-8.6452e-06
100.2	-8.60997e-06
100.4	-8.57534e-06
100.6	-8.54134e-06
100.8	-8.50798e-06
101	-8.47528e-06
101.2	-8.44325e-06
101.4	-8.41188e-06
101.6	-8.38114e-06
101.8	-8.351e-06
102	-8.32139e-06
102.2	-8.2922e-06
102.4	-8.26333e-06
102.6	-8.23471e-06
102.8	-8.20631e-06
103	-8.17806e-06
103.2	-8.15001e-06
103.4	-8.12214e-06
103.6	-8.09444e-06
103.8	-8.067e-06
104	-8.04004e-06
104.2	-8.0139e-06
104.4	-7.98767e-06
104.6	-7.96055e-06
104.8	-7.93229e-06
105	-7.90284e-06
105.2	-7.87214e-06
105.4	-7.84026e-06
105.6	-7.80737e-06
105.8	-7.77381e-06
106	-7.74017e-06
106.2	-7.70762e-06
106.4	-7.67588e-06
106.6	-7.64493e-06
106.8	-7.61475e-06
107	-7.58534e-06
107.2	-7.55666e-06
107.4	-7.52865e-06
107.6	-7.50131e-06
107.8	-7.47446e-06
108	-7.44772e-06
108.2	-7.42091e-06
108.4	-7.39417e-06
108.6	-7.36737e-06
108.8	-7.34065e-06
109	-7.31405e-06
109.2	-7.28754e-06
109.4	-7.26112e-06
109.6	-7.23481e-06
109.8	-7.20861e-06
110	-7.18252e-06
110.2	-7.15654e-06
110.4	-7.13076e-06
110.6	-7.10522e-06
110.8	-7.07995e-06
111	-7.05497e-06
111.2	-7.03029e-06
111.4	-7.00593e-06
111.6	-6.98188e-06
111.8	-6.95822e-06
112	-6.93505e-06
112.2	-6.91259e-06
112.4	-6.89031e-06
112.6	-6.86752e-06
112.8	-6.84423e-06
113	-6.82034e-06
113.2	-6.79582e-06
113.4	-6.77058e-06
113.6	-6.74488e-06
113.8	-6.71877e-06
114	-6.69265e-06
114.2	-6.66653e-06
114.4	-6.64104e-06
114.6	-6.61604e-06
114.8	-6.59163e-06
115	-6.56784e-06
115.2	-6.54465e-06
115.4	-6.52205e-06
115.6	-6.5e-06
115.8	-6.47845e-06
116	-6.4571e-06
116.2	-6.43583e-06
116.4	-6.41448e-06
116.6	-6.39302e-06
116.8	-6.3716e-06
117	-6.34973e-06
117.2	-6.32738e-06
117.4	-6.30507e-06
117.6	-6.28255e-06
117.8	-6.25999e-06
118	-6.23683e-06
118.2	-6.2138e-06
118.4	-6.19096e-06
118.6	-6.16869e-06
118.8	-6.14713e-06
119	-6.12636e-06
119.2	-6.10643e-06
119.4	-6.08734e-06
119.6	-6.069e-06
119.8	-6.05139e-06
120	-6.03442e-06
120.2	-6.01788e-06
120.4	-6.0011e-06
120.6	-5.98368e-06
120.8	-5.96542e-06
121	-5.9462e-06
121.2	-5.926e-06
121.4	-5.90485e-06
121.6	-5.88286e-06
121.8	-5.86022e-06
122	-5.83728e-06
122.2	-5.81471e-06
122.4	-5.79274e-06
122.6	-5.77148e-06
122.8	-5.75101e-06
123	-5.73139e-06
123.2	-5.71254e-06
123.4	-5.69454e-06
123.6	-5.67731e-06
123.8	-5.66058e-06
124	-5.64401e-06
124.2	-5.62754e-06
124.4	-5.61064e-06
124.6	-5.59341e-06
124.8	-5.57579e-06
125	-5.55777e-06
125.2	-5.53934e-06
125.4	-5.52054e-06
125.6	-5.5014e-06
125.8	-5.48202e-06
126	-5.46254e-06
126.2	-5.44313e-06
126.4	-5.42411e-06
126.6	-5.40549e-06
126.8	-5.38734e-06
127	-5.36967e-06
127.2	-5.35249e-06
127.4	-5.33579e-06
127.6	-5.31955e-06
127.8	-5.30364e-06
128	-5.288e-06
128.2	-5.27242e-06
128.4	-5.2567e-06
128.6	-5.24074e-06
128.8	-5.22447e-06
129	-5.20786e-06
129.2	-5.19083e-06
129.4	-5.1735e-06
129.6	-5.15586e-06
129.8	-5.13801e-06
130	-5.11995e-06
130.2	-5.10184e-06
130.4	-5.08401e-06
130.6	-5.0666e-06
130.8	-5.04972e-06
131	-5.03337e-06
131.2	-5.01759e-06
131.4	-5.00236e-06
131.6	-4.98761e-06
131.8	-4.97327e-06
132	-4.95922e-06
132.2	-4.94516e-06
132.4	-4.9309e-06
132.6	-4.91628e-06
132.8	-4.90123e-06
133	-4.88575e-06
133.2	-4.86976e-06
133.4	-4.85302e-06
133.6	-4.83649e-06
133.8	-4.8194e-06
134	-4.80226e-06
134.2	-4.78541e-06
134.4	-4.7688e-06
134.6	-4.75234e-06
134.8	-4.73593e-06
135	-4.71952e-06
135.2	-4.70324e-06
135.4	-4.68719e-06
135.6	-4.67087e-06
135.8	-4.65481e-06
136	-4.63885e-06
136.2	-4.62301e-06
136.4	-4.60739e-06
136.6	-4.59203e-06
136.8	-4.57696e-06
137	-4.56219e-06
137.2	-4.54771e-06
137.4	-4.5335e-06
137.6	-4.51953e-06
137.8	-4.50575e-06
138	-4.49205e-06
138.2	-4.47825e-06
138.4	-4.46442e-06
138.6	-4.4506e-06
138.8	-4.43682e-06
139	-4.42306e-06
139.2	-4.40935e-06
139.4	-4.39567e-06
139.6	-4.38203e-06
139.8	-4.36844e-06
140	-4.35489e-06
140.2	-4.34141e-06
140.4	-4.32798e-06
140.6	-4.3146e-06
140.8	-4.30126e-06
141	-4.28798e-06
141.2	-4.27475e-06
141.4	-4.26159e-06
141.6	-4.24852e-06
141.8	-4.23553e-06
142	-4.22271e-06
142.2	-4.21012e-06
142.4	-4.19758e-06
142.6	-4.18489e-06
142.8	-4.17195e-06
143	-4.15874e-06
143.2	-4.14521e-06
143.4	-4.13137e-06
143.6	-4.11722e-06
143.8	-4.10277e-06
144	-4.08803e-06
144.2	-4.073e-06
144.4	-4.05817e-06
144.6	-4.04377e-06
144.8	-4.02998e-06
145	-4.0169e-06
145.2	-4.00449e-06
145.4	-3.99275e-06
145.6	-3.98161e-06
145.8	-3.97095e-06
146	-3.96053e-06
146.2	-3.9499e-06
146.4	-3.93901e-06
146.6	-3.92782e-06
146.8	-3.9163e-06
147	-3.90443e-06
147.2	-3.89222e-06
147.4	-3.87969e-06
147.6	-3.86688e-06
147.8	-3.85385e-06
148	-3.84072e-06
148.2	-3.82773e-06
148.4	-3.81492e-06
148.6	-3.80233e-06
148.8	-3.78997e-06
149	-3.77787e-06
149.2	-3.76601e-06
149.4	-3.75443e-06
149.6	-3.74309e-06
149.8	-3.73201e-06
150	-3.72119e-06
150.2	-3.71065e-06
150.4	-3.69995e-06
150.6	-3.68882e-06
150.8	-3.67713e-06
151	-3.66483e-06
151.2	-3.65191e-06
151.4	-3.63844e-06
151.6	-3.62451e-06
151.8	-3.61031e-06
152	-3.59625e-06
152.2	-3.58287e-06
152.4	-3.57008e-06
152.6	-3.55628e-06
152.8	-3.54551e-06
153	-3.53352e-06
153.2	-3.52177e-06
153.4	-3.51024e-06
153.6	-3.49869e-06
153.8	-3.4877e-06
154	-3.47672e-06
154.2	-3.46581e-06
154.4	-3.45493e-06
154.6	-3.44438e-06
154.8	-3.43428e-06
155	-3.42322e-06
155.2	-3.41315e-06
155.4	-3.40449e-06
155.6	-3.39524e-06
155.8	-3.38612e-06
156	-3.37703e-06
156.2	-3.36877e-06
156.4	-3.36033e-06
156.6	-3.35176e-06
156.8	-3.34282e-06
157	-3.33397e-06
157.2	-3.32458e-06
157.4	-3.31486e-06
157.6	-3.30483e-06
157.8	-3.29444e-06
158	-3.28403e-06
158.2	-3.27372e-06
158.4	-3.2634e-06
158.6	-3.25278e-06
158.8	-3.24117e-06
159	-3.23092e-06
159.2	-3.21957e-06
159.4	-3.20791e-06
159.6	-3.19592e-06
159.8	-3.18355e-06
160	-3.17045e-06
160.2	-3.15696e-06
160.4	-3.14333e-06
160.6	-3.13001e-06
160.8	-3.11765e-06
161	-3.10619e-06
161.2	-3.09568e-06
161.4	-3.0861e-06
161.6	-3.07759e-06
161.8	-3.06934e-06
162	-3.06184e-06
162.2	-3.05355e-06
162.4	-3.0453e-06
162.6	-3.0372e-06
162.8	-3.02886e-06
163	-3.02028e-06
163.2	-3.01191e-06
163.4	-3.00352e-06
163.6	-2.99534e-06
163.8	-2.987e-06
164	-2.97876e-06
164.2	-2.97089e-06
164.4	-2.96255e-06
164.6	-2.95394e-06
164.8	-2.94465e-06
165	-2.93462e-06
165.2	-2.92381e-06
165.4	-2.91225e-06
165.6	-2.89999e-06
165.8	-2.88716e-06
166	-2.8739e-06
166.2	-2.86054e-06
166.4	-2.84754e-06
166.6	-2.83519e-06
166.8	-2.82364e-06
167	-2.81296e-06
167.2	-2.80318e-06
167.4	-2.79426e-06
167.6	-2.78612e-06
167.8	-2.77857e-06
168	-2.77132e-06
168.2	-2.76377e-06
168.4	-2.7559e-06
168.6	-2.74761e-06
168.8	-2.73912e-06
169	-2.7304e-06
169.2	-2.72121e-06
169.4	-2.71169e-06
169.6	-2.70187e-06
169.8	-2.69179e-06
170	-2.6815e-06
170.2	-2.67111e-06
170.4	-2.66099e-06
170.6	-2.65134e-06
170.8	-2.64228e-06
171	-2.63386e-06
171.2	-2.62609e-06
171.4	-2.61896e-06
171.6	-2.61239e-06
171.8	-2.60627e-06
172	-2.60041e-06
172.2	-2.59446e-06
172.4	-2.58819e-06
172.6	-2.5815e-06
172.8	-2.57435e-06
173	-2.56656e-06
173.2	-2.55827e-06
173.4	-2.54945e-06
173.6	-2.54015e-06
173.8	-2.53051e-06
174	-2.52068e-06
174.2	-2.51107e-06
174.4	-2.50156e-06
174.6	-2.49214e-06
174.8	-2.48263e-06
175	-2.47318e-06
175.2	-2.46373e-06
175.4	-2.4543e-06
175.6	-2.44484e-06
175.8	-2.43534e-06
176	-2.4257e-06
176.2	-2.4158e-06
176.4	-2.40612e-06
176.6	-2.39696e-06
176.8	-2.38848e-06
177	-2.38074e-06
177.2	-2.37374e-06
177.4	-2.36745e-06
177.6	-2.36177e-06
177.8	-2.35652e-06
178	-2.35127e-06
178.2	-2.34547e-06
178.4	-2.33958e-06
178.6	-2.33328e-06
178.8	-2.32675e-06
179	-2.32e-06
179.2	-2.31303e-06
179.4	-2.30587e-06
179.6	-2.29854e-06
179.8	-2.29103e-06
180	-2.28341e-06
180.2	-2.27579e-06
180.4	-2.26799e-06
180.6	-2.25995e-06
180.8	-2.25163e-06
181	-2.24296e-06
181.2	-2.23396e-06
181.4	-2.22458e-06
181.6	-2.21481e-06
181.8	-2.20463e-06
182	-2.19388e-06
182.2	-2.18234e-06
182.4	-2.17084e-06
182.6	-2.15984e-06
182.8	-2.14957e-06
183	-2.14018e-06
183.2	-2.13172e-06
183.4	-2.12419e-06
183.6	-2.11751e-06
183.8	-2.11155e-06
184	-2.10601e-06
184.2	-2.10041e-06
184.4	-2.09445e-06
184.6	-2.08799e-06
184.8	-2.08092e-06
185	-2.07318e-06
185.2	-2.06477e-06
185.4	-2.05567e-06
185.6	-2.04595e-06
185.8	-2.03565e-06
186	-2.02492e-06
186.2	-2.01385e-06
186.4	-2.00322e-06
186.6	-1.99341e-06
186.8	-1.98463e-06
187	-1.97698e-06
187.2	-1.97049e-06
187.4	-1.9651e-06
187.6	-1.96066e-06
187.8	-1.95694e-06
188	-1.95345e-06
188.2	-1.94935e-06
188.4	-1.94466e-06
188.6	-1.93937e-06
188.8	-1.93346e-06
189	-1.92693e-06
189.2	-1.91979e-06
189.4	-1.91206e-06
189.6	-1.90382e-06
189.8	-1.8952e-06
190	-1.88644e-06
190.2	-1.87786e-06
190.4	-1.8694e-06
190.6	-1.86087e-06
190.8	-1.85233e-06
191	-1.84374e-06
191.2	-1.83508e-06
191.4	-1.82635e-06
191.6	-1.81756e-06
191.8	-1.80875e-06
192	-1.79979e-06
192.2	-1.79068e-06
192.4	-1.78173e-06
192.6	-1.77314e-06
192.8	-1.765e-06
193	-1.75732e-06
193.2	-1.75014e-06
193.4	-1.74344e-06
193.6	-1.73719e-06
193.8	-1.7313e-06
194	-1.72567e-06
194.2	-1.72008e-06
194.4	-1.71424e-06
194.6	-1.70799e-06
194.8	-1.70126e-06
195	-1.694e-06
195.2	-1.68622e-06
195.4	-1.67794e-06
195.6	-1.66927e-06
195.8	-1.66035e-06
196	-1.65143e-06
196.2	-1.64304e-06
196.4	-1.63497e-06
196.6	-1.62708e-06
196.8	-1.61933e-06
197	-1.61169e-06
197.2	-1.60413e-06
197.4	-1.59665e-06
197.6	-1.58924e-06
197.8	-1.5819e-06
198	-1.57462e-06
198.2	-1.56741e-06
198.4	-1.56026e-06
198.6	-1.55318e-06
198.8	-1.54616e-06
199	-1.53922e-06
199.2	-1.53236e-06
199.4	-1.52561e-06
199.6	-1.519e-06
199.8	-1.51254e-06