1.1145	0.000478979
1.229	0.000479421
1.3435	0.000479907
1.458	0.000480437
1.5725	0.000481013
1.687	0.000481635
1.8015	0.000482302
1.916	0.000483017
2.0305	0.000483778
2.145	0.000484587
2.2595	0.000485445
2.374	0.000486351
2.4885	0.000487308
2.603	0.000488315
2.7175	0.000489374
2.832	0.000490484
2.9465	0.000491648
3.061	0.000492867
3.1755	0.00049414
3.29	0.00049547
3.4045	0.000496858
3.519	0.000498305
3.6335	0.000499811
3.748	0.00050138
3.8625	0.000503011
3.977	0.000504707
4.0915	0.00050647
4.206	0.0005083
4.3205	0.000510201
4.435	0.000512173
4.5495	0.00051422
4.664	0.000516343
4.7785	0.000518545
4.893	0.000520828
5.0075	0.000523195
5.122	0.000525648
5.2365	0.000528192
5.351	0.000530829
5.4655	0.000533562
5.58	0.000536395
5.6945	0.000539332
5.809	0.000542378
5.9235	0.000545537
6.038	0.000548813
6.1525	0.000552212
6.267	0.00055574
6.3815	0.000559401
6.496	0.000563204
6.6105	0.000567155
6.725	0.000571261
6.8395	0.000575531
6.954	0.000579973
7.0685	0.000584597
7.183	0.000589414
7.2975	0.000594436
7.412	0.000599674
7.5265	0.000605144
7.641	0.000610859
7.7555	0.000616838
7.87	0.0006231
7.9845	0.000629664
8.099	0.000636555
8.2135	0.000643799
8.328	0.000651426
8.4425	0.00065947
8.557	0.000667967
8.6715	0.000676964
8.786	0.000686509
8.9005	0.000696663
9.015	0.000707492
9.1295	0.000719077
9.244	0.000731515
9.3585	0.00074492
9.473	0.00075943
9.5875	0.000775218
9.702	0.000792496
9.8165	0.000811529
9.931	0.000832696
10.0455	0.000856427
10.16	0.000883375
10.2745	0.000914447
10.389	0.000951033
10.5035	0.000995439
10.618	0.00105291
10.7325	0.00113382
10.847	0.00123506
10.9615	0.00132853
11.076	0.00151149
11.1905	0.0015437
11.305	0.0015989
11.4195	0.00143499
11.534	0.00127972
11.6485	0.00113383
11.763	0.00085066
11.8775	0.00057804
11.992	0.000400266
12.1065	1.71091e-05
12.221	-7.38498e-05
12.3355	0.000147781
12.45	0.000175586
12.5645	0.000226219
12.679	0.000213541
12.7935	0.000355697
12.908	0.000431931
13.0225	0.000523681
13.137	0.000609937
13.2515	0.000692429
13.366	0.000789374
13.4805	0.000910898
13.595	0.0010347
13.7095	0.00113767
13.824	0.00115897
13.9385	0.00112776
14.053	0.00102447
14.1675	0.00092773
14.282	0.000825473
14.3965	0.000718256
14.511	0.000656282
14.6255	0.000564854
14.74	0.000631604
14.8545	0.000631839
14.969	0.000630858
15.0835	0.000641446
15.198	0.000604711
15.3125	0.000578741
15.427	0.000561095
15.5415	0.000549172
15.656	0.000532907
15.7705	0.000518297
15.885	0.000507594
15.9995	0.000493359
16.114	0.000471876
16.2285	0.000456281
16.343	0.000436469
16.4575	0.000425256
16.572	0.000404452
16.6865	0.000392021
16.801	0.000377763
16.9155	0.000365722
17.03	0.000352879
17.1445	0.000334616
17.259	0.000325997
17.3735	0.000308009
17.488	0.00030115
17.6025	0.000290618
17.717	0.000272679
17.8315	0.000251804
17.946	0.000244763
18.0605	0.000241933
18.175	0.00022414
18.2895	0.000218355
18.404	0.000203408
18.5185	0.000187221
18.633	0.000179538
18.7475	0.000170862
18.862	0.000165211
18.9765	0.000146418
19.091	0.000141231
19.2055	0.000129753
19.32	0.000109463
19.4345	0.000108551
19.549	0.000102393
19.6635	9.33862e-05
19.778	8.06069e-05
19.8925	6.75887e-05
20.007	6.38556e-05
20.1215	5.23773e-05
20.236	4.71258e-05
20.3505	4.43891e-05
20.465	2.88871e-05
20.5795	2.91221e-05
20.694	1.98841e-05
20.8085	4.49824e-06
20.923	2.46392e-06
21.0375	-6.41983e-06
21.152	-7.59593e-06
21.2665	-2.26689e-05
21.381	-2.43559e-05
21.4955	-3.28361e-05
21.61	-4.7499e-05
21.7245	-5.27564e-05
21.839	-5.84364e-05
21.9535	-6.51404e-05
22.068	-7.22812e-05
22.1825	-7.98225e-05
22.297	-8.77178e-05
22.4115	-9.59064e-05
22.526	-0.000104388
22.6405	-0.000112747
22.755	-0.000119942
22.8695	-0.000125749
22.984	-0.000130457
23.0985	-0.000135117
23.213	-0.000140275
23.3275	-0.000146013
23.442	-0.000152272
23.5565	-0.00015878
23.671	-0.000164805
23.7855	-0.000169903
23.9	-0.000174086
24.0145	-0.00017779
24.129	-0.000181909
24.2435	-0.00018644
24.358	-0.000191352
24.4725	-0.000196557
24.587	-0.000201798
24.7015	-0.000206983
24.816	-0.000212136
24.9305	-0.000217273
25.045	-0.00022241
25.1595	-0.000227696
25.274	-0.000233345
25.3885	-0.000239466
25.503	-0.000246161
25.6175	-0.000253513
25.732	-0.000261186
25.8465	-0.00026911
25.961	-0.000277477
26.0755	-0.00028717
26.19	-0.000297145
26.3045	-0.0003062
26.419	-0.000314229
26.5335	-0.000322805
26.648	-0.000330919
26.7625	-0.000332438
26.877	-0.000326453
26.9915	-0.000315354
27.106	-0.00030649
27.2205	-0.000301598
27.335	-0.000300564
27.4495	-0.000302747
27.564	-0.00030566
27.6785	-0.000308612
27.793	-0.0003127
27.9075	-0.000317832
28.022	-0.00032313
28.1365	-0.00032722
28.251	-0.000330494
28.3655	-0.000333131
28.48	-0.000335319
28.5945	-0.000337436
28.709	-0.000339531
28.8235	-0.000341581
28.938	-0.000343608
29.0525	-0.000345652
29.167	-0.000347773
29.2815	-0.000350072
29.396	-0.000352755
29.5105	-0.00035656
29.625	-0.000361996
29.7395	-0.000364889
29.854	-0.000364003
29.9685	-0.000359963
30.083	-0.000356125
30.1975	-0.000353145
30.312	-0.000350322
30.4265	-0.000347638
30.541	-0.000345362
30.6555	-0.000343655
30.77	-0.000342221
30.8845	-0.000340966
30.999	-0.000339867
31.1135	-0.000338949
31.228	-0.000338196
31.3425	-0.000337597
31.457	-0.000337145
31.5715	-0.00033685
31.686	-0.000336673
31.8005	-0.000336582
31.915	-0.000336582
32.0295	-0.000336749
32.144	-0.000337117
32.2585	-0.000337488
32.373	-0.000337783
32.4875	-0.000337989
32.602	-0.00033818
32.7165	-0.000337898
32.831	-0.000336949
32.9455	-0.000335395
33.06	-0.000333638
33.1745	-0.000331948
33.289	-0.000330239
33.4035	-0.000328503
33.518	-0.00032673
33.6325	-0.000324948
33.747	-0.00032334
33.8615	-0.000321962
33.976	-0.000320829
34.0905	-0.000319951
34.205	-0.00031862
34.3195	-0.000316458
34.434	-0.000313485
34.5485	-0.000310068
34.663	-0.000307003
34.7775	-0.000304695
34.892	-0.000303185
35.0065	-0.000302174
35.121	-0.000300923
35.2355	-0.000299445
35.35	-0.000297771
35.4645	-0.000295936
35.579	-0.000294014
35.6935	-0.000292256
35.808	-0.000290796
35.9225	-0.000289643
36.037	-0.000288735
36.1515	-0.000287734
36.266	-0.000286199
36.3805	-0.000284214
36.495	-0.000281751
36.6095	-0.000279305
36.724	-0.000276764
36.8385	-0.000274078
36.953	-0.000271304
37.0675	-0.000268637
37.182	-0.000266184
37.2965	-0.000263904
37.411	-0.000261764
37.5255	-0.000259763
37.64	-0.000257572
37.7545	-0.000255437
37.869	-0.000253282
37.9835	-0.000251101
38.098	-0.000248891
38.2125	-0.000246648
38.327	-0.000244364
38.4415	-0.000242017
38.556	-0.000239548
38.6705	-0.000236974
38.785	-0.00023438
38.8995	-0.000231795
39.014	-0.000229205
39.1285	-0.000226617
39.243	-0.000224263
39.3575	-0.000222204
39.472	-0.000220405
39.5865	-0.000218706
39.701	-0.000216815
39.8155	-0.000214624
39.93	-0.000212174
40.0445	-0.000209724
40.159	-0.000207504
40.2735	-0.000205385
40.388	-0.000203335
40.5025	-0.00020134
40.617	-0.000199392
40.7315	-0.000197485
40.846	-0.000195617
40.9605	-0.000193783
41.075	-0.000191984
41.1895	-0.000190213
41.304	-0.000188466
41.4185	-0.000186738
41.533	-0.000185027
41.6475	-0.000183332
41.762	-0.000181648
41.8765	-0.000179974
41.991	-0.000178309
42.1055	-0.000176652
42.22	-0.000174989
42.3345	-0.000173311
42.449	-0.000171615
42.5635	-0.000169902
42.678	-0.000168174
42.7925	-0.000166436
42.907	-0.000164697
43.0215	-0.000162975
43.136	-0.000161294
43.2505	-0.000159651
43.365	-0.00015805
43.4795	-0.00015649
43.594	-0.000154973
43.7085	-0.000153496
43.823	-0.00015206
43.9375	-0.00015066
44.052	-0.000149291
44.1665	-0.000147944
44.281	-0.00014662
44.3955	-0.000145316
44.51	-0.00014403
44.6245	-0.000142761
44.739	-0.000141508
44.8535	-0.00014027
44.968	-0.000139046
45.0825	-0.000137838
45.197	-0.00013664
45.3115	-0.000135443
45.426	-0.000134247
45.5405	-0.000133049
45.655	-0.00013185
45.7695	-0.000130652
45.884	-0.000129457
45.9985	-0.00012827
46.113	-0.000127102
46.2275	-0.000125959
46.342	-0.000124847
46.4565	-0.000123768
46.571	-0.000122721
46.6855	-0.000121706
46.8	-0.000120722
46.9145	-0.000119764
47.029	-0.000118823
47.1435	-0.00011789
47.258	-0.000116962
47.3725	-0.00011604
47.487	-0.000115121
47.6015	-0.000114206
47.716	-0.000113294
47.8305	-0.000112386
47.945	-0.000111483
48.0595	-0.000110584
48.174	-0.000109696
48.2885	-0.000108827
48.403	-0.000107978
48.5175	-0.000107151
48.632	-0.000106346
48.7465	-0.000105563
48.861	-0.0001048
48.9755	-0.000104053
49.09	-0.000103318
49.2045	-0.000102585
49.319	-0.000101852
49.4335	-0.000101118
49.548	-0.000100379
49.6625	-9.96363e-05
49.777	-9.88924e-05
49.8915	-9.81489e-05
50.006	-9.74109e-05
50.1205	-9.66872e-05
50.235	-9.59788e-05
50.3495	-9.52861e-05
50.464	-9.46095e-05
50.5785	-9.39489e-05
50.693	-9.33033e-05
50.8075	-9.26725e-05
50.922	-9.20535e-05
51.0365	-9.14425e-05
51.151	-9.08352e-05
51.2655	-9.02327e-05
51.38	-8.96349e-05
51.4945	-8.90415e-05
51.609	-8.84529e-05
51.7235	-8.7869e-05
51.838	-8.72901e-05
51.9525	-8.67165e-05
52.067	-8.61497e-05
52.1815	-8.55899e-05
52.296	-8.5036e-05
52.4105	-8.44876e-05
52.525	-8.39445e-05
52.6395	-8.34069e-05
52.754	-8.28748e-05
52.8685	-8.23484e-05
52.983	-8.18283e-05
53.0975	-8.13159e-05
53.212	-8.08105e-05
53.3265	-8.03115e-05
53.441	-7.98187e-05
53.5555	-7.93318e-05
53.67	-7.88508e-05
53.7845	-7.83754e-05
53.899	-7.79055e-05
54.0135	-7.74411e-05
54.128	-7.69819e-05
54.2425	-7.65282e-05
54.357	-7.60799e-05
54.4715	-7.5637e-05
54.586	-7.51996e-05
54.7005	-7.47674e-05
54.815	-7.43404e-05
54.9295	-7.39188e-05
55.044	-7.35024e-05
55.1585	-7.30911e-05
55.273	-7.26842e-05
55.3875	-7.22814e-05
55.502	-7.18825e-05
55.6165	-7.14873e-05
55.731	-7.10957e-05
55.8455	-7.07077e-05
55.96	-7.03232e-05
56.0745	-6.99424e-05
56.189	-6.95653e-05
56.3035	-6.91918e-05
56.418	-6.88219e-05
56.5325	-6.84556e-05
56.647	-6.80926e-05
56.7615	-6.77331e-05
56.876	-6.73768e-05
56.9905	-6.70235e-05
57.105	-6.66731e-05
57.2195	-6.63274e-05
57.334	-6.59814e-05
57.4485	-6.56402e-05
57.563	-6.53019e-05
57.6775	-6.49666e-05
57.792	-6.46341e-05
57.9065	-6.43041e-05
58.021	-6.39763e-05
58.1355	-6.36503e-05
58.25	-6.33263e-05
58.3645	-6.30045e-05
58.479	-6.26849e-05
58.5935	-6.23674e-05
58.708	-6.20522e-05
58.8225	-6.1739e-05
58.937	-6.1428e-05
59.0515	-6.1119e-05
59.166	-6.08119e-05
59.2805	-6.05068e-05
59.395	-6.02034e-05
59.5095	-5.99016e-05
59.624	-5.96012e-05
59.7385	-5.93019e-05
59.853	-5.90033e-05
59.9675	-5.87042e-05
60.082	-5.84036e-05
60.1965	-5.80995e-05
60.311	-5.78019e-05
60.4255	-5.75107e-05
60.54	-5.72267e-05
60.6545	-5.69504e-05
60.769	-5.66813e-05
60.8835	-5.64187e-05
60.998	-5.61605e-05
61.1125	-5.59025e-05
61.227	-5.5646e-05
61.3415	-5.5392e-05
61.456	-5.51406e-05
61.5705	-5.48919e-05
61.685	-5.46459e-05
61.7995	-5.44025e-05
61.914	-5.41615e-05
62.0285	-5.39228e-05
62.143	-5.36861e-05
62.2575	-5.34504e-05
62.372	-5.32153e-05
62.4865	-5.29804e-05
62.601	-5.27459e-05
62.7155	-5.25116e-05
62.83	-5.2278e-05
62.9445	-5.20452e-05
63.059	-5.18144e-05
63.1735	-5.15861e-05
63.288	-5.13605e-05
63.4025	-5.11378e-05
63.517	-5.09181e-05
63.6315	-5.07013e-05
63.746	-5.04873e-05
63.8605	-5.02761e-05
63.975	-5.00673e-05
64.0895	-4.98603e-05
64.204	-4.96551e-05
64.3185	-4.94518e-05
64.433	-4.92505e-05
64.5475	-4.9051e-05
64.662	-4.88534e-05
64.7765	-4.86577e-05
64.891	-4.84636e-05
65.0055	-4.82712e-05
65.12	-4.80805e-05
65.2345	-4.78906e-05
65.349	-4.77008e-05
65.4635	-4.7511e-05
65.578	-4.73212e-05
65.6925	-4.71312e-05
65.807	-4.69413e-05
65.9215	-4.67517e-05
66.036	-4.6563e-05
66.1505	-4.6376e-05
66.265	-4.61909e-05
66.3795	-4.6008e-05
66.494	-4.58274e-05
66.6085	-4.5649e-05
66.723	-4.5473e-05
66.8375	-4.52992e-05
66.952	-4.51275e-05
67.0665	-4.49579e-05
67.181	-4.47896e-05
67.2955	-4.46215e-05
67.41	-4.44532e-05
67.5245	-4.42845e-05
67.639	-4.41152e-05
67.7535	-4.39453e-05
67.868	-4.37749e-05
67.9825	-4.36038e-05
68.097	-4.34317e-05
68.2115	-4.32619e-05
68.326	-4.30962e-05
68.4405	-4.29356e-05
68.555	-4.27805e-05
68.6695	-4.26309e-05
68.784	-4.24862e-05
68.8985	-4.23456e-05
69.013	-4.22072e-05
69.1275	-4.20679e-05
69.242	-4.1927e-05
69.3565	-4.17844e-05
69.471	-4.16397e-05
69.5855	-4.14929e-05
69.7	-4.13443e-05
69.8145	-4.11941e-05
69.929	-4.1043e-05
70.0435	-4.08927e-05
70.158	-4.07444e-05
70.2725	-4.05972e-05
70.387	-4.04507e-05
70.5015	-4.03049e-05
70.616	-4.01598e-05
70.7305	-4.00154e-05
70.845	-3.98716e-05
70.9595	-3.97283e-05
71.074	-3.95856e-05
71.1885	-3.94439e-05
71.303	-3.93044e-05
71.4175	-3.91676e-05
71.532	-3.90336e-05
71.6465	-3.89025e-05
71.761	-3.87741e-05
71.8755	-3.8648e-05
71.99	-3.85236e-05
72.1045	-3.83995e-05
72.219	-3.82755e-05
72.3335	-3.81519e-05
72.448	-3.80286e-05
72.5625	-3.79055e-05
72.677	-3.77826e-05
72.7915	-3.766e-05
72.906	-3.75376e-05
73.0205	-3.74161e-05
73.135	-3.72954e-05
73.2495	-3.71747e-05
73.364	-3.70535e-05
73.4785	-3.69315e-05
73.593	-3.68085e-05
73.7075	-3.66846e-05
73.822	-3.65597e-05
73.9365	-3.64339e-05
74.051	-3.63065e-05
74.1655	-3.61791e-05
74.28	-3.60542e-05
74.3945	-3.59331e-05
74.509	-3.58162e-05
74.6235	-3.57038e-05
74.738	-3.55957e-05
74.8525	-3.54912e-05
74.967	-3.53892e-05
75.0815	-3.52869e-05
75.196	-3.51836e-05
75.3105	-3.50791e-05
75.425	-3.49734e-05
75.5395	-3.48663e-05
75.654	-3.47581e-05
75.7685	-3.46487e-05
75.883	-3.45387e-05
75.9975	-3.44286e-05
76.112	-3.43195e-05
76.2265	-3.4212e-05
76.341	-3.41065e-05
76.4555	-3.4003e-05
76.57	-3.39016e-05
76.6845	-3.38022e-05
76.799	-3.37045e-05
76.9135	-3.36082e-05
77.028	-3.35121e-05
77.1425	-3.34155e-05
77.257	-3.33186e-05
77.3715	-3.32218e-05
77.486	-3.31251e-05
77.6005	-3.30285e-05
77.715	-3.29322e-05
77.8295	-3.28361e-05
77.944	-3.27403e-05
78.0585	-3.26452e-05
78.173	-3.25502e-05
78.2875	-3.24562e-05
78.402	-3.2363e-05
78.5165	-3.22707e-05
78.631	-3.21795e-05
78.7455	-3.20894e-05
78.86	-3.20006e-05
78.9745	-3.19136e-05
79.089	-3.18297e-05
79.2035	-3.17465e-05
79.318	-3.16616e-05
79.4325	-3.15742e-05
79.547	-3.14838e-05
79.6615	-3.13904e-05
79.776	-3.12943e-05
79.8905	-3.11962e-05
80.005	-3.10977e-05
80.1195	-3.10013e-05
80.234	-3.09071e-05
80.3485	-3.08149e-05
80.463	-3.07248e-05
80.5775	-3.06366e-05
80.692	-3.05504e-05
80.8065	-3.0466e-05
80.921	-3.03831e-05
81.0355	-3.03011e-05
81.15	-3.02193e-05
81.2645	-3.01381e-05
81.379	-3.00576e-05
81.4935	-2.99777e-05
81.608	-2.98987e-05
81.7225	-2.98204e-05
81.837	-2.97429e-05
81.9515	-2.96665e-05
82.066	-2.9592e-05
82.1805	-2.95183e-05
82.295	-2.94434e-05
82.4095	-2.93666e-05
82.524	-2.92875e-05
82.6385	-2.92059e-05
82.753	-2.9122e-05
82.8675	-2.9036e-05
82.982	-2.89486e-05
83.0965	-2.88609e-05
83.211	-2.87749e-05
83.3255	-2.86917e-05
83.44	-2.86119e-05
83.5545	-2.85358e-05
83.669	-2.84631e-05
83.7835	-2.83936e-05
83.898	-2.83264e-05
84.0125	-2.82595e-05
84.127	-2.81901e-05
84.2415	-2.81198e-05
84.356	-2.80489e-05
84.4705	-2.79776e-05
84.585	-2.79061e-05
84.6995	-2.78344e-05
84.814	-2.77627e-05
84.9285	-2.76909e-05
85.043	-2.76189e-05
85.1575	-2.75478e-05
85.272	-2.74755e-05
85.3865	-2.74022e-05
85.501	-2.73278e-05
85.6155	-2.72522e-05
85.73	-2.71756e-05
85.8445	-2.70983e-05
85.959	-2.70206e-05
86.0735	-2.69436e-05
86.188	-2.68677e-05
86.3025	-2.6793e-05
86.417	-2.67194e-05
86.5315	-2.66471e-05
86.646	-2.6576e-05
86.7605	-2.65059e-05
86.875	-2.64369e-05
86.9895	-2.63687e-05
87.104	-2.63006e-05
87.2185	-2.62328e-05
87.333	-2.61654e-05
87.4475	-2.60983e-05
87.562	-2.60317e-05
87.6765	-2.59655e-05
87.791	-2.58996e-05
87.9055	-2.58342e-05
88.02	-2.5769e-05
88.1345	-2.57042e-05
88.249	-2.564e-05
88.3635	-2.55768e-05
88.478	-2.55146e-05
88.5925	-2.54535e-05
88.707	-2.53935e-05
88.8215	-2.53347e-05
88.936	-2.52774e-05
89.0505	-2.5222e-05
89.165	-2.51679e-05
89.2795	-2.51132e-05
89.394	-2.50575e-05
89.5085	-2.49993e-05
89.623	-2.49395e-05
89.7375	-2.48777e-05
89.852	-2.48147e-05
89.9665	-2.47499e-05
90.081	-2.4686e-05
90.1955	-2.46228e-05
90.31	-2.45596e-05
90.4245	-2.44962e-05
90.539	-2.4433e-05
90.6535	-2.43689e-05
90.768	-2.4305e-05
90.8825	-2.42411e-05
90.997	-2.41773e-05
91.1115	-2.41139e-05
91.226	-2.40512e-05
91.3405	-2.39895e-05
91.455	-2.3929e-05
91.5695	-2.38697e-05
91.684	-2.38117e-05
91.7985	-2.37547e-05
91.913	-2.36988e-05
92.0275	-2.36435e-05
92.142	-2.35884e-05
92.2565	-2.35337e-05
92.371	-2.34793e-05
92.4855	-2.34253e-05
92.6	-2.33717e-05
92.7145	-2.33185e-05
92.829	-2.32658e-05
92.9435	-2.32138e-05
93.058	-2.31637e-05
93.1725	-2.31143e-05
93.287	-2.30633e-05
93.4015	-2.30099e-05
93.516	-2.29535e-05
93.6305	-2.28942e-05
93.745	-2.28323e-05
93.8595	-2.27687e-05
93.974	-2.27047e-05
94.0885	-2.26437e-05
94.203	-2.25853e-05
94.3175	-2.25284e-05
94.432	-2.24726e-05
94.5465	-2.24177e-05
94.661	-2.23636e-05
94.7755	-2.23102e-05
94.89	-2.22576e-05
95.0045	-2.22056e-05
95.119	-2.21542e-05
95.2335	-2.21036e-05
95.348	-2.20536e-05
95.4625	-2.20043e-05
95.577	-2.19557e-05
95.6915	-2.19079e-05
95.806	-2.18611e-05
95.9205	-2.18153e-05
96.035	-2.17712e-05
96.1495	-2.1729e-05
96.264	-2.16874e-05
96.3785	-2.16461e-05
96.493	-2.16049e-05
96.6075	-2.15636e-05
96.722	-2.15223e-05
96.8365	-2.14812e-05
96.951	-2.14409e-05
97.0655	-2.14039e-05
97.18	-2.13679e-05
97.2945	-2.13283e-05
97.409	-2.12837e-05
97.5235	-2.12333e-05
97.638	-2.11768e-05
97.7525	-2.11147e-05
97.867	-2.10482e-05
97.9815	-2.09793e-05
98.096	-2.09128e-05
98.2105	-2.08495e-05
98.325	-2.07897e-05
98.4395	-2.07334e-05
98.554	-2.06807e-05
98.6685	-2.06314e-05
98.783	-2.05852e-05
98.8975	-2.05413e-05
99.012	-2.04982e-05
99.1265	-2.04536e-05
99.241	-2.04083e-05
99.3555	-2.03624e-05
99.47	-2.0316e-05
99.5845	-2.02691e-05
99.699	-2.02218e-05
99.8135	-2.01743e-05
99.928	-2.01266e-05
100.043	-2.00792e-05
100.157	-2.00324e-05
100.272	-1.9986e-05
100.386	-1.99401e-05
100.501	-1.98946e-05
100.615	-1.98496e-05
100.73	-1.98051e-05
100.844	-1.97611e-05
100.959	-1.97176e-05
101.073	-1.96746e-05
101.188	-1.96322e-05
101.302	-1.95902e-05
101.416	-1.95487e-05
101.531	-1.95077e-05
101.645	-1.94672e-05
101.76	-1.94271e-05
101.874	-1.93875e-05
101.989	-1.93482e-05
102.104	-1.93092e-05
102.218	-1.92706e-05
102.333	-1.92321e-05
102.447	-1.91939e-05
102.562	-1.91558e-05
102.676	-1.91179e-05
102.791	-1.90802e-05
102.905	-1.90426e-05
103.02	-1.90051e-05
103.134	-1.89678e-05
103.249	-1.89306e-05
103.363	-1.88935e-05
103.478	-1.88565e-05
103.592	-1.88197e-05
103.707	-1.87831e-05
103.821	-1.87467e-05
103.936	-1.87107e-05
104.05	-1.86755e-05
104.165	-1.86409e-05
104.279	-1.86061e-05
104.394	-1.8571e-05
104.508	-1.85352e-05
104.623	-1.84987e-05
104.737	-1.84614e-05
104.852	-1.84231e-05
104.966	-1.83839e-05
105.081	-1.83437e-05
105.195	-1.83025e-05
105.309	-1.82605e-05
105.424	-1.82176e-05
105.538	-1.8174e-05
105.653	-1.81297e-05
105.767	-1.8085e-05
105.882	-1.80401e-05
105.996	-1.79955e-05
106.111	-1.79518e-05
106.226	-1.79089e-05
106.34	-1.78666e-05
106.455	-1.78249e-05
106.569	-1.77838e-05
106.684	-1.77433e-05
106.798	-1.77033e-05
106.913	-1.7664e-05
107.027	-1.76252e-05
107.142	-1.7587e-05
107.256	-1.75493e-05
107.371	-1.75121e-05
107.485	-1.74754e-05
107.6	-1.74392e-05
107.714	-1.74033e-05
107.829	-1.73677e-05
107.943	-1.73322e-05
108.058	-1.72967e-05
108.172	-1.72611e-05
108.287	-1.72254e-05
108.401	-1.71899e-05
108.516	-1.71541e-05
108.63	-1.71186e-05
108.745	-1.70831e-05
108.859	-1.70476e-05
108.974	-1.70122e-05
109.088	-1.69769e-05
109.203	-1.69417e-05
109.317	-1.69065e-05
109.431	-1.68714e-05
109.546	-1.68364e-05
109.66	-1.68015e-05
109.775	-1.67667e-05
109.889	-1.67319e-05
110.004	-1.66972e-05
110.118	-1.66626e-05
110.233	-1.66282e-05
110.348	-1.65939e-05
110.462	-1.65597e-05
110.577	-1.65258e-05
110.691	-1.64921e-05
110.806	-1.64585e-05
110.92	-1.64252e-05
111.035	-1.63921e-05
111.149	-1.63593e-05
111.264	-1.63267e-05
111.378	-1.62943e-05
111.493	-1.62622e-05
111.607	-1.62304e-05
111.722	-1.61988e-05
111.836	-1.61676e-05
111.951	-1.61367e-05
112.065	-1.61064e-05
112.18	-1.60766e-05
112.294	-1.60468e-05
112.409	-1.60169e-05
112.523	-1.59868e-05
112.638	-1.59562e-05
112.752	-1.59253e-05
112.867	-1.58939e-05
112.981	-1.58621e-05
113.096	-1.58297e-05
113.21	-1.57969e-05
113.325	-1.57636e-05
113.439	-1.57298e-05
113.553	-1.56956e-05
113.668	-1.56611e-05
113.782	-1.56263e-05
113.897	-1.55914e-05
114.011	-1.55564e-05
114.126	-1.55218e-05
114.241	-1.54875e-05
114.355	-1.54536e-05
114.47	-1.542e-05
114.584	-1.53869e-05
114.699	-1.53542e-05
114.813	-1.5322e-05
114.928	-1.52902e-05
115.042	-1.52589e-05
115.157	-1.5228e-05
115.271	-1.51976e-05
115.386	-1.51677e-05
115.5	-1.51382e-05
115.615	-1.5109e-05
115.729	-1.50802e-05
115.844	-1.50517e-05
115.958	-1.50234e-05
116.073	-1.49951e-05
116.187	-1.49668e-05
116.302	-1.49385e-05
116.416	-1.491e-05
116.531	-1.48815e-05
116.645	-1.48528e-05
116.76	-1.4824e-05
116.874	-1.4795e-05
116.989	-1.47659e-05
117.103	-1.47366e-05
117.218	-1.47071e-05
117.332	-1.46775e-05
117.447	-1.46477e-05
117.561	-1.46177e-05
117.675	-1.45876e-05
117.79	-1.45573e-05
117.904	-1.45269e-05
118.019	-1.44963e-05
118.133	-1.44655e-05
118.248	-1.44349e-05
118.363	-1.44045e-05
118.477	-1.43745e-05
118.592	-1.4345e-05
118.706	-1.43161e-05
118.821	-1.42877e-05
118.935	-1.426e-05
119.05	-1.42329e-05
119.164	-1.42064e-05
119.279	-1.41806e-05
119.393	-1.41553e-05
119.508	-1.41307e-05
119.622	-1.41067e-05
119.737	-1.40832e-05
119.851	-1.40601e-05
119.966	-1.40376e-05
120.08	-1.40155e-05
120.195	-1.39935e-05
120.309	-1.39714e-05
120.424	-1.39488e-05
120.538	-1.39258e-05
120.653	-1.39021e-05
120.767	-1.38778e-05
120.882	-1.38527e-05
120.996	-1.38269e-05
121.111	-1.38003e-05
121.225	-1.3773e-05
121.34	-1.3745e-05
121.454	-1.37163e-05
121.569	-1.3687e-05
121.683	-1.36571e-05
121.797	-1.36268e-05
121.912	-1.35963e-05
122.026	-1.35659e-05
122.141	-1.35358e-05
122.255	-1.35061e-05
122.37	-1.3477e-05
122.485	-1.34483e-05
122.599	-1.34202e-05
122.714	-1.33928e-05
122.828	-1.33659e-05
122.943	-1.33397e-05
123.057	-1.33142e-05
123.172	-1.32893e-05
123.286	-1.3265e-05
123.401	-1.32412e-05
123.515	-1.3218e-05
123.63	-1.31954e-05
123.744	-1.31731e-05
123.859	-1.31511e-05
123.973	-1.31293e-05
124.088	-1.31073e-05
124.202	-1.30852e-05
124.317	-1.30628e-05
124.431	-1.30401e-05
124.546	-1.30172e-05
124.66	-1.29941e-05
124.775	-1.29706e-05
124.889	-1.29468e-05
125.004	-1.29227e-05
125.118	-1.28983e-05
125.233	-1.28736e-05
125.347	-1.28486e-05
125.462	-1.28234e-05
125.576	-1.27979e-05
125.691	-1.27722e-05
125.805	-1.27463e-05
125.919	-1.27204e-05
126.034	-1.26945e-05
126.148	-1.26688e-05
126.263	-1.26432e-05
126.378	-1.2618e-05
126.492	-1.2593e-05
126.607	-1.25684e-05
126.721	-1.25441e-05
126.836	-1.25202e-05
126.95	-1.24967e-05
127.065	-1.24735e-05
127.179	-1.24507e-05
127.294	-1.24283e-05
127.408	-1.24062e-05
127.523	-1.23845e-05
127.637	-1.2363e-05
127.752	-1.23419e-05
127.866	-1.2321e-05
127.981	-1.23002e-05
128.095	-1.22795e-05
128.209	-1.22587e-05
128.324	-1.22379e-05
128.439	-1.22168e-05
128.553	-1.21956e-05
128.668	-1.21742e-05
128.782	-1.21525e-05
128.897	-1.21305e-05
129.011	-1.21083e-05
129.126	-1.20858e-05
129.24	-1.2063e-05
129.355	-1.204e-05
129.469	-1.20167e-05
129.584	-1.19932e-05
129.698	-1.19693e-05
129.812	-1.19456e-05
129.927	-1.19215e-05
130.042	-1.18974e-05
130.156	-1.18734e-05
130.27	-1.18495e-05
130.385	-1.18258e-05
130.5	-1.18024e-05
130.614	-1.17795e-05
130.728	-1.17569e-05
130.843	-1.17348e-05
130.958	-1.1713e-05
131.072	-1.16917e-05
131.186	-1.16708e-05
131.301	-1.16503e-05
131.416	-1.16303e-05
131.53	-1.16106e-05
131.644	-1.15912e-05
131.759	-1.15722e-05
131.874	-1.15534e-05
131.988	-1.15347e-05
132.102	-1.15161e-05
132.217	-1.14973e-05
132.332	-1.14784e-05
132.446	-1.14593e-05
132.561	-1.14398e-05
132.675	-1.14201e-05
132.79	-1.14e-05
132.904	-1.13795e-05
133.019	-1.13586e-05
133.133	-1.13374e-05
133.248	-1.13159e-05
133.362	-1.1294e-05
133.477	-1.12718e-05
133.591	-1.12493e-05
133.706	-1.12266e-05
133.82	-1.12038e-05
133.935	-1.1181e-05
134.049	-1.11583e-05
134.163	-1.1136e-05
134.278	-1.11138e-05
134.393	-1.10918e-05
134.507	-1.10698e-05
134.621	-1.10479e-05
134.736	-1.1026e-05
134.851	-1.10042e-05
134.965	-1.09825e-05
135.079	-1.09608e-05
135.194	-1.09391e-05
135.309	-1.09175e-05
135.423	-1.0896e-05
135.537	-1.08745e-05
135.652	-1.0853e-05
135.767	-1.08317e-05
135.881	-1.08104e-05
135.995	-1.07892e-05
136.11	-1.07681e-05
136.225	-1.07471e-05
136.339	-1.07263e-05
136.454	-1.07057e-05
136.568	-1.06853e-05
136.683	-1.06651e-05
136.797	-1.06451e-05
136.912	-1.06254e-05
137.026	-1.06058e-05
137.141	-1.05866e-05
137.255	-1.05675e-05
137.37	-1.05486e-05
137.484	-1.05299e-05
137.599	-1.05114e-05
137.713	-1.0493e-05
137.828	-1.04747e-05
137.942	-1.04565e-05
138.056	-1.04382e-05
138.171	-1.04199e-05
138.286	-1.04015e-05
138.4	-1.03831e-05
138.514	-1.03647e-05
138.629	-1.03463e-05
138.744	-1.0328e-05
138.858	-1.03097e-05
138.972	-1.02914e-05
139.087	-1.02731e-05
139.202	-1.02549e-05
139.316	-1.02367e-05
139.43	-1.02185e-05
139.545	-1.02003e-05
139.66	-1.01822e-05
139.774	-1.01641e-05
139.888	-1.01461e-05
140.003	-1.01281e-05
140.118	-1.01102e-05
140.232	-1.00922e-05
140.346	-1.00744e-05
140.461	-1.00565e-05
140.576	-1.00387e-05
140.69	-1.0021e-05
140.805	-1.00033e-05
140.919	-9.98558e-06
141.034	-9.96794e-06
141.148	-9.95035e-06
141.263	-9.9328e-06
141.377	-9.9153e-06
141.492	-9.89785e-06
141.606	-9.88046e-06
141.721	-9.86316e-06
141.835	-9.84593e-06
141.95	-9.82885e-06
142.064	-9.81201e-06
142.179	-9.79536e-06
142.293	-9.77871e-06
142.407	-9.76199e-06
142.522	-9.74515e-06
142.637	-9.72815e-06
142.751	-9.71096e-06
142.865	-9.69355e-06
142.98	-9.67593e-06
143.095	-9.65807e-06
143.209	-9.63998e-06
143.323	-9.62164e-06
143.438	-9.60306e-06
143.553	-9.58425e-06
143.667	-9.56521e-06
143.781	-9.54595e-06
143.896	-9.52645e-06
144.011	-9.50674e-06
144.125	-9.48673e-06
144.239	-9.46676e-06
144.354	-9.44701e-06
144.469	-9.42757e-06
144.583	-9.40853e-06
144.698	-9.38994e-06
144.812	-9.37184e-06
144.927	-9.35426e-06
145.041	-9.3372e-06
145.156	-9.32069e-06
145.27	-9.30469e-06
145.385	-9.28919e-06
145.499	-9.27416e-06
145.614	-9.25955e-06
145.728	-9.2453e-06
145.843	-9.23132e-06
145.957	-9.21748e-06
146.072	-9.20352e-06
146.186	-9.18932e-06
146.3	-9.17494e-06
146.415	-9.16034e-06
146.53	-9.14551e-06
146.644	-9.13044e-06
146.758	-9.11512e-06
146.873	-9.09953e-06
146.988	-9.08368e-06
147.102	-9.06756e-06
147.216	-9.05119e-06
147.331	-9.03457e-06
147.446	-9.01773e-06
147.56	-9.00067e-06
147.674	-8.98344e-06
147.789	-8.96606e-06
147.904	-8.94861e-06
148.018	-8.93117e-06
148.132	-8.91386e-06
148.247	-8.89668e-06
148.362	-8.87965e-06
148.476	-8.86278e-06
148.591	-8.84607e-06
148.705	-8.82956e-06
148.82	-8.81322e-06
148.934	-8.79708e-06
149.049	-8.78114e-06
149.163	-8.7654e-06
149.278	-8.74986e-06
149.392	-8.73451e-06
149.507	-8.71935e-06
149.621	-8.70439e-06
149.736	-8.6896e-06
149.85	-8.67501e-06
149.965	-8.66064e-06
150.079	-8.64655e-06
150.194	-8.6325e-06
150.308	-8.61844e-06
150.423	-8.60404e-06
150.537	-8.5893e-06
150.651	-8.57416e-06
150.766	-8.55858e-06
150.881	-8.54253e-06
150.995	-8.52601e-06
151.109	-8.50903e-06
151.224	-8.49159e-06
151.339	-8.47373e-06
151.453	-8.45549e-06
151.567	-8.43694e-06
151.682	-8.41814e-06
151.797	-8.3992e-06
151.911	-8.38031e-06
152.025	-8.36179e-06
152.14	-8.34396e-06
152.255	-8.32655e-06
152.369	-8.30947e-06
152.483	-8.29261e-06
152.598	-8.27601e-06
152.713	-8.25963e-06
152.827	-8.24346e-06
152.942	-8.22749e-06
153.056	-8.2117e-06
153.171	-8.1961e-06
153.285	-8.18067e-06
153.4	-8.1654e-06
153.514	-8.15029e-06
153.629	-8.13532e-06
153.743	-8.1205e-06
153.858	-8.1058e-06
153.972	-8.09117e-06
154.087	-8.07664e-06
154.201	-8.06216e-06
154.316	-8.04781e-06
154.43	-8.0336e-06
154.544	-8.01954e-06
154.659	-8.00566e-06
154.774	-7.99214e-06
154.888	-7.9786e-06
155.002	-7.96507e-06
155.117	-7.95189e-06
155.232	-7.9389e-06
155.346	-7.92609e-06
155.46	-7.91346e-06
155.575	-7.90101e-06
155.69	-7.88876e-06
155.804	-7.87669e-06
155.918	-7.86484e-06
156.033	-7.85327e-06
156.148	-7.84199e-06
156.262	-7.83078e-06
156.376	-7.81955e-06
156.491	-7.80823e-06
156.606	-7.79677e-06
156.72	-7.78514e-06
156.835	-7.7733e-06
156.949	-7.76123e-06
157.064	-7.74893e-06
157.178	-7.73639e-06
157.293	-7.72359e-06
157.407	-7.71055e-06
157.522	-7.69728e-06
157.636	-7.68379e-06
157.751	-7.67012e-06
157.865	-7.6563e-06
157.98	-7.64243e-06
158.094	-7.62869e-06
158.209	-7.615e-06
158.323	-7.60122e-06
158.438	-7.58733e-06
158.552	-7.57329e-06
158.667	-7.55908e-06
158.781	-7.5448e-06
158.895	-7.53009e-06
159.01	-7.51528e-06
159.125	-7.50025e-06
159.239	-7.48499e-06
159.353	-7.46949e-06
159.468	-7.45374e-06
159.583	-7.43773e-06
159.697	-7.42143e-06
159.811	-7.40482e-06
159.926	-7.38783e-06
160.041	-7.37019e-06
160.155	-7.35194e-06
160.269	-7.33365e-06
160.384	-7.31557e-06
160.499	-7.29788e-06
160.613	-7.28069e-06
160.728	-7.2641e-06
160.842	-7.24815e-06
160.957	-7.2329e-06
161.071	-7.21837e-06
161.186	-7.20457e-06
161.3	-7.19149e-06
161.415	-7.1791e-06
161.529	-7.16735e-06
161.644	-7.15619e-06
161.758	-7.14551e-06
161.873	-7.13516e-06
161.987	-7.12482e-06
162.102	-7.11428e-06
162.216	-7.10342e-06
162.331	-7.09245e-06
162.445	-7.08143e-06
162.56	-7.07037e-06
162.674	-7.05929e-06
162.788	-7.04819e-06
162.903	-7.03707e-06
163.018	-7.02594e-06
163.132	-7.0148e-06
163.246	-7.00364e-06
163.361	-6.99248e-06
163.476	-6.98132e-06
163.59	-6.97016e-06
163.704	-6.95903e-06
163.819	-6.94795e-06
163.934	-6.93697e-06
164.048	-6.92627e-06
164.162	-6.91604e-06
164.277	-6.90524e-06
164.392	-6.89437e-06
164.506	-6.88311e-06
164.62	-6.87138e-06
164.735	-6.85913e-06
164.85	-6.84633e-06
164.964	-6.83295e-06
165.079	-6.81898e-06
165.193	-6.80442e-06
165.308	-6.78928e-06
165.422	-6.77359e-06
165.537	-6.75737e-06
165.651	-6.74067e-06
165.766	-6.72356e-06
165.88	-6.7061e-06
165.995	-6.68838e-06
166.109	-6.67057e-06
166.224	-6.65285e-06
166.338	-6.6355e-06
166.453	-6.61859e-06
166.567	-6.6022e-06
166.681	-6.58642e-06
166.796	-6.57126e-06
166.911	-6.55678e-06
167.025	-6.54297e-06
167.139	-6.52986e-06
167.254	-6.51741e-06
167.369	-6.50561e-06
167.483	-6.49442e-06
167.597	-6.48377e-06
167.712	-6.4736e-06
167.827	-6.46378e-06
167.941	-6.45415e-06
168.055	-6.44438e-06
168.17	-6.43429e-06
168.285	-6.42398e-06
168.399	-6.41344e-06
168.513	-6.40267e-06
168.628	-6.39165e-06
168.743	-6.38038e-06
168.857	-6.36885e-06
168.972	-6.35705e-06
169.086	-6.34499e-06
169.201	-6.33267e-06
169.315	-6.3201e-06
169.43	-6.30728e-06
169.544	-6.29424e-06
169.659	-6.28099e-06
169.773	-6.26756e-06
169.888	-6.25397e-06
170.002	-6.24023e-06
170.117	-6.22637e-06
170.231	-6.21261e-06
170.346	-6.19911e-06
170.46	-6.18594e-06
170.575	-6.17316e-06
170.689	-6.16083e-06
170.804	-6.14897e-06
170.918	-6.13759e-06
171.032	-6.12672e-06
171.147	-6.11634e-06
171.262	-6.10646e-06
171.376	-6.09705e-06
171.49	-6.08808e-06
171.605	-6.0795e-06
171.72	-6.07128e-06
171.834	-6.06332e-06
171.948	-6.05553e-06
172.063	-6.04775e-06
172.178	-6.0398e-06
172.292	-6.03162e-06
172.406	-6.02316e-06
172.521	-6.01437e-06
172.636	-6.00522e-06
172.75	-5.99567e-06
172.865	-5.98572e-06
172.979	-5.97534e-06
173.094	-5.96455e-06
173.208	-5.95333e-06
173.323	-5.94171e-06
173.437	-5.92971e-06
173.552	-5.91736e-06
173.666	-5.90471e-06
173.781	-5.8918e-06
173.895	-5.87875e-06
174.01	-5.86569e-06
174.124	-5.85289e-06
174.239	-5.84019e-06
174.353	-5.82755e-06
174.468	-5.81494e-06
174.582	-5.80234e-06
174.697	-5.78975e-06
174.811	-5.77718e-06
174.925	-5.7646e-06
175.04	-5.75204e-06
175.155	-5.73947e-06
175.269	-5.7269e-06
175.383	-5.71434e-06
175.498	-5.70176e-06
175.613	-5.68917e-06
175.727	-5.67656e-06
175.841	-5.66389e-06
175.956	-5.65013e-06
176.071	-5.63801e-06
176.185	-5.62477e-06
176.299	-5.61175e-06
176.414	-5.59903e-06
176.529	-5.58674e-06
176.643	-5.57493e-06
176.757	-5.56365e-06
176.872	-5.55293e-06
176.987	-5.54277e-06
177.101	-5.53319e-06
177.216	-5.52417e-06
177.33	-5.51569e-06
177.445	-5.50769e-06
177.559	-5.50014e-06
177.674	-5.49295e-06
177.788	-5.48601e-06
177.903	-5.4792e-06
178.017	-5.47221e-06
178.132	-5.46469e-06
178.246	-5.45687e-06
178.361	-5.44881e-06
178.475	-5.44056e-06
178.59	-5.43213e-06
178.704	-5.42352e-06
178.819	-5.41475e-06
178.933	-5.40581e-06
179.048	-5.39671e-06
179.162	-5.38745e-06
179.276	-5.37803e-06
179.391	-5.36847e-06
179.506	-5.35876e-06
179.62	-5.34891e-06
179.734	-5.3389e-06
179.849	-5.32887e-06
179.964	-5.31872e-06
180.078	-5.3086e-06
180.192	-5.29844e-06
180.307	-5.28815e-06
180.422	-5.2777e-06
180.536	-5.26705e-06
180.65	-5.25618e-06
180.765	-5.24507e-06
180.88	-5.23372e-06
180.994	-5.22212e-06
181.109	-5.21025e-06
181.223	-5.1981e-06
181.338	-5.18568e-06
181.452	-5.17297e-06
181.567	-5.15996e-06
181.681	-5.14663e-06
181.796	-5.13296e-06
181.91	-5.1189e-06
182.025	-5.10423e-06
182.139	-5.08888e-06
182.254	-5.07342e-06
182.368	-5.05812e-06
182.483	-5.04318e-06
182.597	-5.02871e-06
182.712	-5.0148e-06
182.826	-5.00153e-06
182.941	-4.98893e-06
183.055	-4.97703e-06
183.169	-4.96586e-06
183.284	-4.95539e-06
183.399	-4.94562e-06
183.513	-4.93651e-06
183.627	-4.92799e-06
183.742	-4.92e-06
183.857	-4.91243e-06
183.971	-4.90512e-06
184.085	-4.89779e-06
184.2	-4.89026e-06
184.315	-4.88245e-06
184.429	-4.87431e-06
184.543	-4.86576e-06
184.658	-4.85677e-06
184.773	-4.8473e-06
184.887	-4.83734e-06
185.002	-4.82685e-06
185.116	-4.81584e-06
185.231	-4.80431e-06
185.345	-4.79227e-06
185.46	-4.77973e-06
185.574	-4.76673e-06
185.689	-4.75329e-06
185.803	-4.73946e-06
185.918	-4.72528e-06
186.032	-4.71074e-06
186.147	-4.69598e-06
186.261	-4.68144e-06
186.376	-4.66736e-06
186.49	-4.65389e-06
186.605	-4.64114e-06
186.719	-4.62917e-06
186.834	-4.61805e-06
186.948	-4.6078e-06
187.062	-4.59844e-06
187.177	-4.58996e-06
187.292	-4.58232e-06
187.406	-4.57549e-06
187.52	-4.56938e-06
187.635	-4.56391e-06
187.75	-4.55895e-06
187.864	-4.5543e-06
187.978	-4.54969e-06
188.093	-4.54455e-06
188.208	-4.53888e-06
188.322	-4.53277e-06
188.436	-4.52621e-06
188.551	-4.51921e-06
188.666	-4.51173e-06
188.78	-4.50379e-06
188.894	-4.49536e-06
189.009	-4.48646e-06
189.124	-4.47709e-06
189.238	-4.46726e-06
189.353	-4.457e-06
189.467	-4.44633e-06
189.582	-4.4353e-06
189.696	-4.42395e-06
189.811	-4.41236e-06
189.925	-4.40065e-06
190.04	-4.38907e-06
190.154	-4.3777e-06
190.269	-4.36642e-06
190.383	-4.35516e-06
190.498	-4.34389e-06
190.612	-4.33259e-06
190.727	-4.32124e-06
190.841	-4.30986e-06
190.956	-4.29842e-06
191.07	-4.28694e-06
191.185	-4.2754e-06
191.299	-4.26381e-06
191.413	-4.25218e-06
191.528	-4.2405e-06
191.643	-4.22877e-06
191.757	-4.21699e-06
191.871	-4.20515e-06
191.986	-4.19322e-06
192.101	-4.18111e-06
192.215	-4.16901e-06
192.329	-4.15707e-06
192.444	-4.14536e-06
192.559	-4.13393e-06
192.673	-4.12282e-06
192.787	-4.11206e-06
192.902	-4.10167e-06
193.017	-4.09165e-06
193.131	-4.08201e-06
193.246	-4.07275e-06
193.36	-4.06385e-06
193.475	-4.0553e-06
193.589	-4.04706e-06
193.704	-4.03912e-06
193.818	-4.03141e-06
193.933	-4.0239e-06
194.047	-4.0165e-06
194.162	-4.00907e-06
194.276	-4.00147e-06
194.391	-3.99363e-06
194.505	-3.98548e-06
194.62	-3.97699e-06
194.734	-3.96811e-06
194.849	-3.95884e-06
194.963	-3.94917e-06
195.078	-3.93909e-06
195.192	-3.92861e-06
195.306	-3.91776e-06
195.421	-3.90657e-06
195.536	-3.89507e-06
195.65	-3.88332e-06
195.764	-3.87141e-06
195.879	-3.85943e-06
195.994	-3.84764e-06
196.108	-3.83635e-06
196.222	-3.82539e-06
196.337	-3.81463e-06
196.452	-3.80403e-06
196.566	-3.79355e-06
196.68	-3.78317e-06
196.795	-3.77288e-06
196.91	-3.76268e-06
197.024	-3.75254e-06
197.139	-3.74248e-06
197.253	-3.73247e-06
197.368	-3.72253e-06
197.482	-3.71263e-06
197.597	-3.7028e-06
197.711	-3.69301e-06
197.826	-3.68327e-06
197.94	-3.67358e-06
198.055	-3.66394e-06
198.169	-3.65435e-06
198.284	-3.64481e-06
198.398	-3.63531e-06
198.513	-3.62587e-06
198.627	-3.61648e-06
198.742	-3.60713e-06
198.856	-3.59785e-06
198.971	-3.58862e-06
199.085	-3.57946e-06
199.2	-3.57037e-06
199.314	-3.56135e-06
199.429	-3.55242e-06
199.543	-3.54359e-06
199.657	-3.53488e-06
199.772	-3.52632e-06
199.887	-3.51795e-06
200.001	-3.50991e-06
200.115	-3.50249e-06
200.23	-3.49504e-06
200.345	-3.48763e-06
200.459	-3.48003e-06
200.573	-3.47217e-06
200.688	-3.46398e-06
200.803	-3.45541e-06
200.917	-3.44644e-06
201.031	-3.43704e-06
201.146	-3.42721e-06
201.261	-3.41693e-06
201.375	-3.40622e-06
201.49	-3.39509e-06
201.604	-3.38357e-06
201.719	-3.37168e-06
201.833	-3.35947e-06
201.948	-3.347e-06
202.062	-3.33431e-06
202.177	-3.32158e-06
202.291	-3.30907e-06
202.406	-3.29687e-06
202.52	-3.28507e-06
202.635	-3.27374e-06
202.749	-3.26292e-06
202.864	-3.25264e-06
202.978	-3.24291e-06
203.093	-3.23375e-06
203.207	-3.22514e-06
203.322	-3.21706e-06
203.436	-3.20949e-06
203.55	-3.20237e-06
203.665	-3.19564e-06
203.78	-3.18921e-06
203.894	-3.18295e-06
204.008	-3.17664e-06
204.123	-3.16999e-06
204.238	-3.16303e-06
204.352	-3.15579e-06
204.466	-3.14826e-06
204.581	-3.14043e-06
204.696	-3.1323e-06
204.81	-3.12386e-06
204.924	-3.1151e-06
205.039	-3.10603e-06
205.154	-3.09667e-06
205.268	-3.08702e-06
205.383	-3.0771e-06
205.497	-3.06693e-06
205.612	-3.05656e-06
205.726	-3.04603e-06
205.841	-3.0354e-06
205.955	-3.02477e-06
206.07	-3.01436e-06
206.184	-3.00418e-06
206.299	-2.99411e-06
206.413	-2.98413e-06
206.528	-2.97422e-06
206.642	-2.96436e-06
206.757	-2.95454e-06
206.871	-2.94477e-06
206.986	-2.93503e-06
207.1	-2.92533e-06
207.215	-2.91565e-06
207.329	-2.90601e-06
207.444	-2.89639e-06
207.558	-2.88679e-06
207.673	-2.87722e-06
207.787	-2.86767e-06
207.901	-2.85813e-06
208.016	-2.8486e-06
208.131	-2.83908e-06
208.245	-2.82957e-06
208.359	-2.82006e-06
208.474	-2.81056e-06
208.589	-2.80107e-06
208.703	-2.79159e-06
208.817	-2.78212e-06
208.932	-2.77266e-06
209.047	-2.76322e-06
209.161	-2.7538e-06
209.276	-2.74439e-06
209.39	-2.73502e-06
209.505	-2.72569e-06
209.619	-2.71641e-06
209.734	-2.7072e-06
209.848	-2.69809e-06
209.963	-2.68916e-06
210.077	-2.6806e-06
210.192	-2.67225e-06
210.306	-2.66382e-06
210.421	-2.65521e-06
210.535	-2.64632e-06
210.65	-2.63709e-06
210.764	-2.6275e-06
210.879	-2.6175e-06
210.993	-2.60707e-06
211.108	-2.59621e-06
211.222	-2.5849e-06
211.337	-2.57317e-06
211.451	-2.56101e-06
211.566	-2.54846e-06
211.68	-2.53553e-06
211.794	-2.52227e-06
211.909	-2.50873e-06
212.024	-2.49494e-06
212.138	-2.48103e-06
212.252	-2.46725e-06
212.367	-2.45373e-06
212.482	-2.44058e-06
212.596	-2.42786e-06
212.71	-2.41562e-06
212.825	-2.40389e-06
212.94	-2.3927e-06
213.054	-2.38205e-06
213.168	-2.37194e-06
213.283	-2.36234e-06
213.398	-2.35324e-06
213.512	-2.34457e-06
213.627	-2.33628e-06
213.741	-2.32827e-06
213.856	-2.32041e-06
213.97	-2.31251e-06
214.085	-2.3041e-06
214.199	-2.29527e-06
214.314	-2.2862e-06
214.428	-2.27696e-06
214.543	-2.26758e-06
214.657	-2.25809e-06
214.772	-2.24849e-06
214.886	-2.2388e-06
215.001	-2.22903e-06
215.115	-2.21918e-06
215.23	-2.20926e-06
215.344	-2.19927e-06
215.459	-2.18922e-06
215.573	-2.17911e-06
215.688	-2.16895e-06
215.802	-2.15873e-06
215.917	-2.14848e-06
216.031	-2.13819e-06
216.145	-2.12787e-06
216.26	-2.11753e-06
216.375	-2.10715e-06
216.489	-2.09674e-06
216.603	-2.08629e-06
216.718	-2.0758e-06
216.833	-2.06528e-06
216.947	-2.05472e-06
217.061	-2.04412e-06
217.176	-2.03347e-06
217.291	-2.02277e-06
217.405	-2.01202e-06
217.52	-2.00121e-06
217.634	-1.99032e-06
217.749	-1.97934e-06
217.863	-1.96825e-06
217.978	-1.95698e-06
218.092	-1.94537e-06
218.207	-1.93361e-06
218.321	-1.92189e-06
218.436	-1.91029e-06
218.55	-1.89889e-06
218.665	-1.88772e-06
218.779	-1.87682e-06
218.894	-1.86621e-06
219.008	-1.85591e-06
219.123	-1.84592e-06
219.237	-1.83625e-06
219.352	-1.8269e-06
219.466	-1.81785e-06
219.581	-1.8091e-06
219.695	-1.80061e-06
219.81	-1.79238e-06
219.924	-1.78438e-06
220.038	-1.7766e-06
220.153	-1.76896e-06
220.268	-1.76118e-06
220.382	-1.75315e-06
220.496	-1.74477e-06
220.611	-1.73597e-06
220.726	-1.72672e-06
220.84	-1.71696e-06
220.954	-1.70669e-06
221.069	-1.69588e-06
221.184	-1.68454e-06
221.298	-1.67268e-06
221.413	-1.66032e-06
221.527	-1.64746e-06
221.642	-1.63422e-06
221.756	-1.62061e-06
221.871	-1.60673e-06
221.985	-1.59277e-06
222.1	-1.579e-06
222.214	-1.56538e-06
222.329	-1.5518e-06
222.443	-1.53825e-06
222.558	-1.5247e-06
222.672	-1.51116e-06
222.787	-1.49763e-06
222.901	-1.48409e-06
223.016	-1.47056e-06
223.13	-1.45702e-06
223.245	-1.44348e-06
223.359	-1.42994e-06
223.474	-1.41639e-06
223.588	-1.40282e-06
223.703	-1.38921e-06
223.817	-1.37555e-06
223.931	-1.36178e-06
224.046	-1.34774e-06
224.161	-1.33345e-06
224.275	-1.31926e-06
224.389	-1.30531e-06
224.504	-1.29171e-06
224.619	-1.27852e-06
224.733	-1.26579e-06
224.847	-1.25355e-06
224.962	-1.24182e-06
225.077	-1.23059e-06
225.191	-1.21987e-06
225.305	-1.20964e-06
225.42	-1.19987e-06
225.535	-1.19053e-06
225.649	-1.18155e-06
225.764	-1.17287e-06
225.878	-1.16439e-06
225.993	-1.15596e-06
226.107	-1.14733e-06
226.222	-1.13842e-06
226.336	-1.12918e-06
226.451	-1.11954e-06
226.565	-1.10948e-06
226.68	-1.09897e-06
226.794	-1.08797e-06
226.909	-1.07648e-06
227.023	-1.06449e-06
227.138	-1.05199e-06
227.252	-1.03901e-06
227.367	-1.02554e-06
227.481	-1.01163e-06
227.596	-9.97309e-07
227.71	-9.8263e-07
227.825	-9.67669e-07
227.939	-9.52544e-07
228.054	-9.37516e-07
228.168	-9.22673e-07
228.282	-9.07841e-07
228.397	-8.92966e-07
228.512	-8.78019e-07
228.626	-8.62984e-07
228.74	-8.47851e-07
228.855	-8.32612e-07
228.97	-8.17263e-07
229.084	-8.01802e-07
229.198	-7.86227e-07
229.313	-7.70538e-07
229.428	-7.54738e-07
229.542	-7.38829e-07
229.657	-7.22813e-07
229.771	-7.06695e-07
229.886	-6.90482e-07
230.77	-5.63235e-07
231.54	-4.51272e-07
232.31	-3.34816e-07
233.08	-2.24061e-07
233.85	-1.32001e-07
234.62	-4.00843e-08
235.39	8.00492e-08
236.16	2.27728e-07
236.93	3.84398e-07
237.7	5.54029e-07
238.47	7.39626e-07
239.24	9.41005e-07
240.01	1.16169e-06
240.78	1.38416e-06
241.55	1.67311e-06
242.32	1.99368e-06
243.09	2.42786e-06
243.86	3.07193e-06
244.63	3.10187e-06
245.4	3.29518e-06
246.17	4.79104e-06
246.94	5.33145e-06
247.71	5.04014e-06
248.48	5.33083e-06
249.25	5.26626e-06
250.02	4.43819e-06
250.79	3.72468e-06
251.56	2.93157e-06
252.33	2.18831e-06
253.1	1.58704e-06
253.87	1.10671e-06
254.64	6.57504e-07
255.41	3.85767e-07
256.18	7.1278e-08
256.95	-1.06361e-07
257.72	-3.01953e-07
258.49	-4.21573e-07
259.26	-6.28817e-07
260.03	-7.10645e-07
260.8	-7.8282e-07
261.57	-8.6891e-07
262.34	-9.50025e-07
263.11	-1.01969e-06
263.88	-1.06706e-06
264.65	-1.13365e-06
265.42	-1.24885e-06
266.19	-1.30819e-06
266.96	-1.41818e-06
267.73	-1.57202e-06
268.5	-1.73325e-06
269.27	-1.85815e-06
270.04	-1.9154e-06
270.81	-1.95647e-06
271.58	-1.89037e-06
272.35	-1.9278e-06
273.12	-1.91811e-06
273.89	-1.92544e-06
274.66	-1.97386e-06
275.43	-1.98859e-06
276.2	-1.98745e-06
276.97	-2.02462e-06
277.74	-2.00721e-06
278.51	-2.02431e-06
279.28	-2.00635e-06
280.05	-2.05604e-06
280.82	-2.05716e-06
281.59	-2.06697e-06
282.36	-2.08207e-06
283.13	-2.0688e-06
283.9	-2.08252e-06
284.67	-2.12481e-06
285.44	-2.1081e-06
286.21	-2.14422e-06
286.98	-2.15144e-06
287.75	-2.15918e-06
288.52	-2.17796e-06
289.29	-2.21181e-06
290.06	-2.23196e-06
290.83	-2.24076e-06
291.6	-2.12402e-06
292.37	-2.26422e-06
293.14	-2.26925e-06
293.91	-2.27534e-06
294.68	-2.27961e-06
295.45	-2.25183e-06
296.22	-2.28445e-06
296.99	-2.30509e-06
297.76	-2.32288e-06
298.53	-2.34645e-06
299.3	-2.3267e-06
300.07	-2.31068e-06
300.84	-2.33838e-06
301.61	-2.38083e-06
302.38	-2.39272e-06
303.15	-2.36739e-06
303.92	-2.35943e-06
304.69	-2.36075e-06
305.46	-2.37094e-06
306.23	-2.36328e-06
307	-2.38889e-06
307.77	-2.41097e-06
308.54	-2.40018e-06
309.31	-2.37146e-06
310.08	-2.36957e-06
310.85	-2.37793e-06
311.62	-2.38556e-06
312.39	-2.37985e-06
313.16	-2.37717e-06
313.93	-2.39923e-06
314.7	-2.432e-06
315.47	-2.40764e-06
316.24	-2.36405e-06
317.01	-2.35611e-06
317.78	-2.36444e-06
318.55	-2.36803e-06
319.32	-2.32757e-06
320.09	-2.32266e-06
320.86	-2.31416e-06
321.63	-2.28768e-06
322.4	-2.24282e-06
323.17	-2.25818e-06
323.94	-2.28456e-06
324.71	-2.32561e-06
325.48	-2.40225e-06
326.25	-2.47119e-06
327.02	-2.47735e-06
327.79	-2.4912e-06
328.56	-2.57894e-06
329.33	-2.5737e-06
330.1	-2.6207e-06
330.87	-2.64542e-06
331.64	-2.64571e-06
332.41	-2.59871e-06
333.18	-2.63682e-06
333.95	-2.65843e-06
334.72	-2.67492e-06
335.49	-2.70173e-06
336.26	-2.70584e-06
337.03	-2.71436e-06
337.8	-2.70568e-06
338.57	-2.66326e-06
339.34	-2.67714e-06
340.11	-2.69935e-06
340.88	-2.70975e-06
341.65	-2.70997e-06
342.42	-2.74236e-06
343.19	-2.71622e-06
343.96	-2.73418e-06
344.73	-2.7607e-06
345.5	-2.68622e-06
346.27	-2.73012e-06
347.04	-2.73724e-06
347.81	-2.71912e-06
348.58	-2.66552e-06
349.35	-2.72266e-06
350.12	-2.74328e-06
350.89	-2.75333e-06
351.66	-2.75749e-06
352.43	-2.75363e-06
353.2	-2.75096e-06
353.97	-2.7565e-06
354.74	-2.76163e-06
355.51	-2.76571e-06
356.28	-2.76888e-06
357.05	-2.76879e-06
357.82	-2.7633e-06
358.59	-2.75288e-06
359.36	-2.73884e-06
360.13	-2.71827e-06
360.9	-2.69686e-06
361.67	-2.70254e-06
362.44	-2.72144e-06
363.21	-2.72803e-06
363.98	-2.72112e-06
364.75	-2.71341e-06
365.52	-2.72003e-06
366.29	-2.74282e-06
367.06	-2.75218e-06
367.83	-2.72551e-06
368.6	-2.69972e-06
369.37	-2.69001e-06
370.14	-2.68987e-06
370.91	-2.6932e-06
371.68	-2.70196e-06
372.45	-2.71802e-06
373.22	-2.72481e-06
373.99	-2.71418e-06
374.76	-2.7044e-06
375.53	-2.70324e-06
376.3	-2.70797e-06
377.07	-2.70796e-06
377.84	-2.69859e-06
378.61	-2.68533e-06
379.38	-2.68253e-06
380.15	-2.69095e-06
380.92	-2.69657e-06
381.69	-2.69139e-06
382.46	-2.67876e-06
383.23	-2.67761e-06
384	-2.69259e-06
384.77	-2.70444e-06
385.54	-2.70226e-06
386.31	-2.68916e-06
387.08	-2.67207e-06
387.85	-2.64933e-06
388.62	-2.61658e-06
389.39	-2.61532e-06
390.16	-2.64513e-06
390.93	-2.6607e-06
391.7	-2.65968e-06
392.47	-2.6528e-06
393.24	-2.64935e-06
394.01	-2.64898e-06
394.78	-2.64851e-06
395.55	-2.63454e-06
396.32	-2.60334e-06
397.09	-2.58324e-06
397.86	-2.5984e-06
398.63	-2.62219e-06
399.4	-2.64149e-06
400.17	-2.66011e-06
400.94	-2.66777e-06
401.71	-2.6366e-06
402.48	-2.58815e-06
403.25	-2.56627e-06
404.02	-2.57468e-06
404.79	-2.58187e-06
405.56	-2.58824e-06
406.33	-2.59607e-06
407.1	-2.5935e-06
407.87	-2.57025e-06
408.64	-2.54105e-06
409.41	-2.53374e-06
410.18	-2.5438e-06
410.95	-2.54709e-06
411.72	-2.5484e-06
412.49	-2.54814e-06
413.26	-2.54546e-06
414.03	-2.54075e-06
414.8	-2.53586e-06
415.57	-2.53213e-06
416.34	-2.52955e-06
417.11	-2.52699e-06
417.88	-2.52449e-06
418.65	-2.52442e-06
419.42	-2.51135e-06
420.19	-2.47723e-06
420.96	-2.44766e-06
421.73	-2.46269e-06
422.5	-2.48935e-06
423.27	-2.49512e-06
424.04	-2.48514e-06
424.81	-2.47335e-06
425.58	-2.45991e-06
426.35	-2.44048e-06
427.12	-2.43438e-06
427.89	-2.45936e-06
428.66	-2.48899e-06
429.43	-2.49217e-06
430.2	-2.47503e-06
430.97	-2.46415e-06
431.74	-2.45882e-06
432.51	-2.45645e-06
433.28	-2.44106e-06
434.05	-2.40937e-06
434.82	-2.38086e-06
435.59	-2.37184e-06
436.36	-2.37736e-06
437.13	-2.38922e-06
437.9	-2.41149e-06
438.67	-2.44638e-06
439.44	-2.44773e-06
440.21	-2.41974e-06
440.98	-2.40549e-06
441.75	-2.4032e-06
442.52	-2.40267e-06
443.29	-2.39924e-06
444.06	-2.3947e-06
444.83	-2.38999e-06
445.6	-2.3862e-06
446.37	-2.386e-06
447.14	-2.37867e-06
447.91	-2.35681e-06
448.68	-2.33923e-06
449.45	-2.3273e-06
450.22	-2.31791e-06
450.99	-2.30927e-06
451.76	-2.3e-06
452.53	-2.28631e-06
453.3	-2.28506e-06
454.07	-2.3009e-06
454.84	-2.31277e-06
455.61	-2.31201e-06
456.38	-2.30576e-06
457.15	-2.30189e-06
457.92	-2.29813e-06
458.69	-2.29399e-06
459.46	-2.28896e-06
460.23	-2.27999e-06
461	-2.27297e-06
461.77	-2.28176e-06
462.54	-2.29619e-06
463.31	-2.30635e-06
464.08	-2.31262e-06
464.85	-2.31466e-06
465.62	-2.3032e-06
466.39	-2.28194e-06
467.16	-2.26794e-06
467.93	-2.26746e-06
468.7	-2.26858e-06
469.47	-2.25989e-06
470.24	-2.24116e-06
471.01	-2.2279e-06
471.78	-2.23371e-06
472.55	-2.24742e-06
473.32	-2.24845e-06
474.09	-2.23461e-06
474.86	-2.22242e-06
475.63	-2.23169e-06
476.4	-2.25876e-06
477.17	-2.26351e-06
477.94	-2.23229e-06
478.71	-2.20994e-06
479.48	-2.20013e-06
480.25	-2.19693e-06
481.02	-2.19741e-06
481.79	-2.20327e-06
482.56	-2.21948e-06
483.33	-2.2187e-06
484.1	-2.19564e-06
484.87	-2.18062e-06
485.64	-2.17853e-06
486.41	-2.18206e-06
487.18	-2.18473e-06
487.95	-2.18844e-06
488.72	-2.19384e-06
489.49	-2.19978e-06
490.26	-2.21035e-06
491.03	-2.21432e-06
491.8	-2.19102e-06
492.57	-2.15791e-06
493.34	-2.1472e-06
494.11	-2.15811e-06
494.88	-2.16598e-06
495.65	-2.17419e-06
496.42	-2.1812e-06
497.19	-2.1815e-06
497.96	-2.1749e-06
498.73	-2.16835e-06
499.5	-2.1621e-06
500.27	-2.15634e-06
501.04	-2.15163e-06
501.81	-2.14733e-06
502.58	-2.14327e-06
503.35	-2.13935e-06
504.12	-2.13553e-06
504.89	-2.13178e-06
505.66	-2.12808e-06
506.43	-2.12441e-06
507.2	-2.12076e-06
507.97	-2.11713e-06
508.74	-2.11351e-06
509.51	-2.1099e-06
510.28	-2.10629e-06
511.05	-2.10268e-06
511.82	-2.09906e-06
512.59	-2.09545e-06
513.36	-2.09182e-06
514.13	-2.08819e-06
514.9	-2.08455e-06
515.67	-2.08089e-06
516.44	-2.07723e-06
517.21	-2.07356e-06
517.98	-2.06987e-06
518.75	-2.06618e-06
519.52	-2.06246e-06
520.29	-2.05874e-06
521.06	-2.055e-06
521.83	-2.05125e-06
522.6	-2.04748e-06
523.37	-2.0437e-06
524.14	-2.03991e-06
524.91	-2.0361e-06
525.68	-2.03227e-06
526.45	-2.02843e-06
527.22	-2.02458e-06
527.99	-2.02071e-06
528.76	-2.01682e-06
529.53	-2.01292e-06
530.3	-2.009e-06
531.07	-2.00507e-06
531.84	-2.00113e-06
532.61	-1.99716e-06
533.38	-1.99319e-06
534.15	-1.98919e-06
534.92	-1.98519e-06
535.69	-1.98116e-06
536.46	-1.97712e-06
537.23	-1.97307e-06
538	-1.969e-06
538.77	-1.96492e-06
539.54	-1.96083e-06
540.31	-1.95671e-06
541.08	-1.95259e-06
541.85	-1.94845e-06
542.62	-1.94429e-06
543.39	-1.94013e-06
544.16	-1.93595e-06
544.93	-1.93175e-06
545.7	-1.92754e-06
546.47	-1.92332e-06
547.24	-1.91908e-06
548.01	-1.91484e-06
548.78	-1.91058e-06
549.55	-1.9063e-06
550.32	-1.90202e-06
551.09	-1.89772e-06
551.86	-1.89341e-06
552.63	-1.88909e-06
553.4	-1.88476e-06
554.17	-1.88041e-06
554.94	-1.87606e-06
555.71	-1.87169e-06
556.48	-1.86732e-06
557.25	-1.86293e-06
558.02	-1.85854e-06
558.79	-1.85413e-06
559.56	-1.84972e-06
560.33	-1.84529e-06
561.1	-1.84086e-06
561.87	-1.83642e-06
562.64	-1.83197e-06
563.41	-1.82752e-06
564.18	-1.82305e-06
564.95	-1.81858e-06
565.72	-1.8141e-06
566.49	-1.80962e-06
567.26	-1.80513e-06
568.03	-1.80063e-06
568.8	-1.79613e-06
569.57	-1.79162e-06
570.34	-1.78711e-06
571.11	-1.7826e-06
571.88	-1.77808e-06
572.65	-1.77356e-06
573.42	-1.76903e-06
574.19	-1.7645e-06
574.96	-1.75997e-06
575.73	-1.75544e-06
576.5	-1.75091e-06
577.27	-1.74638e-06
578.04	-1.74184e-06
578.81	-1.73731e-06
579.58	-1.73278e-06
580.35	-1.72825e-06
581.12	-1.72372e-06
581.89	-1.7192e-06
582.66	-1.71468e-06
583.43	-1.71016e-06
584.2	-1.70565e-06
584.97	-1.70114e-06
585.74	-1.69664e-06
586.51	-1.69214e-06
587.28	-1.68766e-06
588.05	-1.68318e-06
588.82	-1.67871e-06
589.59	-1.67425e-06
590.36	-1.66981e-06
591.13	-1.66537e-06
591.9	-1.66095e-06
592.67	-1.65654e-06
593.44	-1.65215e-06
594.21	-1.64778e-06
594.98	-1.64343e-06
595.75	-1.63909e-06
596.52	-1.63478e-06
597.29	-1.6305e-06
598.06	-1.62624e-06
598.83	-1.62202e-06
599.6	-1.61783e-06
600.37	-1.6137e-06
601.14	-1.60962e-06
601.91	-1.60559e-06
602.68	-1.60159e-06
603.45	-1.59761e-06
604.22	-1.59367e-06
604.99	-1.58976e-06
605.76	-1.58587e-06
606.53	-1.582e-06
607.3	-1.57815e-06
608.07	-1.57433e-06
608.84	-1.57053e-06
609.61	-1.56675e-06
610.38	-1.56299e-06
611.15	-1.55924e-06
611.92	-1.55551e-06
612.69	-1.55181e-06
613.46	-1.54811e-06
614.23	-1.54444e-06
615	-1.54078e-06
615.77	-1.53714e-06
616.54	-1.53351e-06
617.31	-1.52989e-06
618.08	-1.5263e-06
618.85	-1.52271e-06
619.62	-1.51914e-06
620.39	-1.51559e-06
621.16	-1.51204e-06
621.93	-1.50851e-06
622.7	-1.505e-06
623.47	-1.50149e-06
624.24	-1.498e-06
625.01	-1.49452e-06
625.78	-1.49106e-06
626.55	-1.4876e-06
627.32	-1.48416e-06
628.09	-1.48073e-06
628.86	-1.47731e-06
629.63	-1.4739e-06
630.4	-1.4705e-06
631.17	-1.46712e-06
631.94	-1.46374e-06
632.71	-1.46038e-06
633.48	-1.45702e-06
634.25	-1.45368e-06
635.02	-1.45035e-06
635.79	-1.44703e-06
636.56	-1.44371e-06
637.33	-1.44041e-06
638.1	-1.43712e-06
638.87	-1.43384e-06
639.64	-1.43057e-06
640.41	-1.42731e-06
641.18	-1.42406e-06
641.95	-1.42081e-06
642.72	-1.41758e-06
643.49	-1.41436e-06
644.26	-1.41114e-06
645.03	-1.40794e-06
645.8	-1.40474e-06
646.57	-1.40156e-06
647.34	-1.39838e-06
648.11	-1.39522e-06
648.88	-1.39206e-06
649.65	-1.38891e-06
650.42	-1.38577e-06
651.19	-1.38264e-06
651.96	-1.37952e-06
652.73	-1.3764e-06
653.5	-1.3733e-06
654.27	-1.3702e-06
655.04	-1.36712e-06
655.81	-1.36404e-06
656.58	-1.36097e-06
657.35	-1.35791e-06
658.12	-1.35486e-06
658.89	-1.35181e-06
659.66	-1.34878e-06
660.43	-1.34575e-06
661.2	-1.34274e-06
661.97	-1.33973e-06
662.74	-1.33673e-06
663.51	-1.33374e-06
664.28	-1.33076e-06
665.05	-1.32778e-06
665.82	-1.32482e-06
666.59	-1.32186e-06
667.36	-1.31891e-06
668.13	-1.31597e-06
668.9	-1.31304e-06
669.67	-1.31029e-06
670.44	-1.30737e-06
671.21	-1.30447e-06
671.98	-1.30157e-06
672.75	-1.29868e-06
673.52	-1.2958e-06
674.29	-1.29293e-06
675.06	-1.29007e-06
675.83	-1.28722e-06
676.6	-1.28437e-06
677.37	-1.28154e-06
678.14	-1.27871e-06
678.91	-1.27589e-06
679.68	-1.27308e-06
680.45	-1.27028e-06
681.22	-1.26749e-06
681.99	-1.26471e-06
682.76	-1.26193e-06
683.53	-1.25917e-06
684.3	-1.25642e-06
685.07	-1.25352e-06
685.84	-1.25078e-06
686.61	-1.24806e-06
687.38	-1.24534e-06
688.15	-1.24264e-06
688.92	-1.23994e-06
689.69	-1.23726e-06
690.46	-1.23458e-06
691.23	-1.23192e-06
692	-1.22926e-06
692.77	-1.22662e-06
693.54	-1.22398e-06
694.31	-1.22136e-06
695.08	-1.21875e-06
695.85	-1.21615e-06
696.62	-1.21357e-06
697.39	-1.211e-06
698.16	-1.20844e-06
698.93	-1.20589e-06
699.7	-1.20336e-06
700.47	-1.20085e-06
701.24	-1.19836e-06
702.01	-1.19588e-06
702.78	-1.19342e-06
703.55	-1.19096e-06
704.32	-1.18853e-06
705.09	-1.1861e-06
705.86	-1.18368e-06
706.63	-1.18128e-06
707.4	-1.17888e-06
708.17	-1.17649e-06
708.94	-1.17412e-06
709.71	-1.17175e-06
710.48	-1.16939e-06
711.25	-1.16704e-06
712.02	-1.16469e-06
712.79	-1.16236e-06
713.56	-1.16003e-06
714.33	-1.15771e-06
715.1	-1.1554e-06
715.87	-1.1531e-06
716.64	-1.1508e-06
717.41	-1.14851e-06
718.18	-1.14623e-06
718.95	-1.14395e-06
719.72	-1.14168e-06
720.49	-1.13942e-06
721.26	-1.13717e-06
722.03	-1.13491e-06
722.8	-1.13267e-06
723.57	-1.13043e-06
724.34	-1.1282e-06
725.11	-1.12598e-06
725.88	-1.12376e-06
726.65	-1.12154e-06
727.42	-1.11933e-06
728.19	-1.11713e-06
728.96	-1.11493e-06
729.73	-1.11274e-06
730.5	-1.11055e-06
731.27	-1.10837e-06
732.04	-1.10619e-06
732.81	-1.10402e-06
733.58	-1.10185e-06
734.35	-1.09969e-06
735.12	-1.09753e-06
735.89	-1.09538e-06
736.66	-1.09324e-06
737.43	-1.09109e-06
738.2	-1.08895e-06
738.97	-1.08682e-06
739.74	-1.08469e-06
740.51	-1.08257e-06
741.28	-1.08045e-06
742.05	-1.07833e-06
742.82	-1.07622e-06
743.59	-1.07412e-06
744.36	-1.07201e-06
745.13	-1.06992e-06
745.9	-1.06782e-06
746.67	-1.06573e-06
747.44	-1.06365e-06
748.21	-1.06157e-06
748.98	-1.05949e-06
749.75	-1.05742e-06
750.52	-1.05535e-06
751.29	-1.05328e-06
752.06	-1.05122e-06
752.83	-1.04916e-06
753.6	-1.04711e-06
754.37	-1.04506e-06
755.14	-1.04302e-06
755.91	-1.04098e-06
756.68	-1.03894e-06
757.45	-1.03691e-06
758.22	-1.03488e-06
758.99	-1.03285e-06
759.76	-1.03083e-06
760.53	-1.02881e-06
761.3	-1.0268e-06
762.07	-1.02479e-06
762.84	-1.02278e-06
763.61	-1.02078e-06
764.38	-1.01878e-06
765.15	-1.01679e-06
765.92	-1.0148e-06
766.69	-1.01281e-06
767.46	-1.01083e-06
768.23	-1.00885e-06
769	-1.00687e-06
769.77	-1.0049e-06
770.54	-1.00294e-06
771.31	-1.00097e-06
772.08	-9.99014e-07
772.85	-9.97058e-07
773.62	-9.95107e-07
774.39	-9.9316e-07
775.16	-9.91216e-07
775.93	-9.89276e-07
776.7	-9.87341e-07
777.47	-9.8541e-07
778.24	-9.83483e-07
779.01	-9.8156e-07
779.78	-9.79642e-07
780.55	-9.77727e-07
781.32	-9.75817e-07
782.09	-9.73911e-07
782.86	-9.7201e-07
783.63	-9.70113e-07
784.4	-9.68221e-07
785.17	-9.66333e-07
785.94	-9.6445e-07
786.71	-9.62595e-07
787.48	-9.60721e-07
788.25	-9.58852e-07
789.02	-9.56988e-07
789.79	-9.55129e-07
790.56	-9.53274e-07
791.33	-9.51425e-07
792.1	-9.49581e-07
792.87	-9.47743e-07
793.64	-9.4591e-07
794.41	-9.44083e-07
795.18	-9.42262e-07
795.95	-9.40447e-07
796.72	-9.38638e-07
797.49	-9.36836e-07
798.26	-9.35041e-07
799.03	-9.33229e-07
799.8	-9.3145e-07
800.57	-9.29707e-07
801.34	-9.27947e-07
802.11	-9.26196e-07
802.88	-9.24451e-07
803.65	-9.22714e-07
804.42	-9.20984e-07
805.19	-9.1926e-07
805.96	-9.17542e-07
806.73	-9.1583e-07
807.5	-9.14124e-07
808.27	-9.12424e-07
809.04	-9.1073e-07
809.81	-9.09041e-07
810.58	-9.07357e-07
811.35	-9.05678e-07
812.12	-9.04005e-07
812.89	-9.02337e-07
813.66	-9.00674e-07
814.43	-8.99016e-07
815.2	-8.97363e-07
815.97	-8.95714e-07
816.74	-8.9407e-07
817.51	-8.92431e-07
818.28	-8.90797e-07
819.05	-8.89167e-07
819.82	-8.87542e-07
820.59	-8.85921e-07
821.36	-8.84305e-07
822.13	-8.82693e-07
822.9	-8.81085e-07
823.67	-8.79482e-07
824.44	-8.77882e-07
825.21	-8.76288e-07
825.98	-8.74697e-07
826.75	-8.7311e-07
827.52	-8.71528e-07
828.29	-8.69949e-07
829.06	-8.68375e-07
829.83	-8.66804e-07
830.6	-8.65238e-07
831.37	-8.63675e-07
832.14	-8.62117e-07
832.91	-8.60562e-07
833.68	-8.59011e-07
834.45	-8.57464e-07
835.22	-8.55921e-07
835.99	-8.54381e-07
836.76	-8.52846e-07
837.53	-8.51313e-07
838.3	-8.49785e-07
839.07	-8.4826e-07
839.84	-8.46739e-07
840.61	-8.45222e-07
841.38	-8.43708e-07
842.15	-8.42198e-07
842.92	-8.40691e-07
843.69	-8.39188e-07
844.46	-8.37688e-07
845.23	-8.36192e-07
846	-8.347e-07
846.77	-8.33211e-07
847.54	-8.31725e-07
848.31	-8.30243e-07
849.08	-8.28764e-07
849.85	-8.27288e-07
850.62	-8.25816e-07
851.39	-8.24348e-07
852.16	-8.22882e-07
852.93	-8.2142e-07
853.7	-8.19962e-07
854.47	-8.18506e-07
855.24	-8.17054e-07
856.01	-8.15605e-07
856.78	-8.1416e-07
857.55	-8.12718e-07
858.32	-8.11279e-07
859.09	-8.09843e-07
859.86	-8.08411e-07
860.63	-8.06982e-07
861.4	-8.05556e-07
862.17	-8.04133e-07
862.94	-8.02713e-07
863.71	-8.01297e-07
864.48	-7.99884e-07
865.25	-7.98474e-07
866.02	-7.97067e-07
866.79	-7.95663e-07
867.56	-7.94262e-07
868.33	-7.92865e-07
869.1	-7.91471e-07
869.87	-7.9008e-07
870.64	-7.88692e-07
871.41	-7.87307e-07
872.18	-7.85925e-07
872.95	-7.84547e-07
873.72	-7.83171e-07
874.49	-7.81799e-07
875.26	-7.8043e-07
876.03	-7.79064e-07
876.8	-7.77701e-07
877.57	-7.76341e-07
878.34	-7.74985e-07
879.11	-7.73631e-07
879.88	-7.72281e-07
880.65	-7.70933e-07
881.42	-7.69589e-07
882.19	-7.68248e-07
882.96	-7.6691e-07
883.73	-7.65576e-07
884.5	-7.64244e-07
885.27	-7.62916e-07
886.04	-7.61591e-07
886.81	-7.6025e-07
887.58	-7.5895e-07
888.35	-7.57635e-07
889.12	-7.56322e-07
889.89	-7.55014e-07
890.66	-7.53708e-07
891.43	-7.52405e-07
892.2	-7.51106e-07
892.97	-7.49811e-07
893.74	-7.48518e-07
894.51	-7.4723e-07
895.28	-7.45944e-07
896.05	-7.44662e-07
896.82	-7.43384e-07
897.59	-7.42109e-07
898.36	-7.40839e-07
899.13	-7.39572e-07
899.9	-7.38309e-07
900.67	-7.37052e-07
901.44	-7.35798e-07
902.21	-7.34531e-07
902.98	-7.33304e-07
903.75	-7.32062e-07
904.52	-7.30824e-07
905.29	-7.29589e-07
906.06	-7.28357e-07
906.83	-7.27129e-07
907.6	-7.25904e-07
908.37	-7.24682e-07
909.14	-7.23463e-07
909.91	-7.22247e-07
910.68	-7.21035e-07
911.45	-7.19825e-07
912.22	-7.18618e-07
912.99	-7.17396e-07
913.76	-7.16195e-07
914.53	-7.15014e-07
915.3	-7.13819e-07
916.07	-7.12626e-07
916.84	-7.11436e-07
917.61	-7.10249e-07
918.38	-7.09064e-07
919.15	-7.07882e-07
919.92	-7.06703e-07
920.69	-7.05526e-07
921.46	-7.04352e-07
922.23	-7.03163e-07
923	-7.01994e-07
923.77	-7.00845e-07
924.54	-6.99681e-07
925.31	-6.98519e-07
926.08	-6.9736e-07
926.85	-6.96204e-07
927.62	-6.9505e-07
928.39	-6.93898e-07
929.16	-6.92749e-07
929.93	-6.91602e-07
930.7	-6.90457e-07
931.47	-6.89315e-07
932.24	-6.88175e-07
933.01	-6.87038e-07
933.78	-6.85903e-07
934.55	-6.8477e-07
935.32	-6.83639e-07
936.09	-6.82511e-07
936.86	-6.81385e-07
937.63	-6.80262e-07
938.4	-6.7914e-07
939.17	-6.78021e-07
939.94	-6.76904e-07
940.71	-6.7579e-07
941.48	-6.74677e-07
942.25	-6.73567e-07
943.02	-6.72459e-07
943.79	-6.71353e-07
944.56	-6.70249e-07
945.33	-6.69148e-07
946.1	-6.68049e-07
946.87	-6.66952e-07
947.64	-6.65857e-07
948.41	-6.64764e-07
949.18	-6.63673e-07
949.95	-6.62585e-07
950.72	-6.61499e-07
951.49	-6.60414e-07
952.26	-6.59332e-07
953.03	-6.58252e-07
953.8	-6.57175e-07
954.57	-6.56099e-07
955.34	-6.55026e-07
956.11	-6.53954e-07
956.88	-6.52885e-07
957.65	-6.51818e-07
958.42	-6.50753e-07
959.19	-6.4969e-07
959.96	-6.48629e-07
960.73	-6.4757e-07
961.5	-6.46514e-07
962.27	-6.45459e-07
963.04	-6.44407e-07
963.81	-6.43357e-07
964.58	-6.42308e-07
965.35	-6.41262e-07
966.12	-6.40218e-07
966.89	-6.39177e-07
967.66	-6.38137e-07
968.43	-6.37099e-07
969.2	-6.36064e-07
969.97	-6.35031e-07
970.74	-6.33999e-07
971.51	-6.3297e-07
972.28	-6.31943e-07
973.05	-6.30919e-07
973.82	-6.29896e-07
974.59	-6.28875e-07
975.36	-6.27857e-07
976.13	-6.26841e-07
976.9	-6.25827e-07
977.67	-6.24815e-07
978.44	-6.23806e-07
979.21	-6.22798e-07
979.98	-6.21793e-07
980.75	-6.2079e-07
981.52	-6.1979e-07
982.29	-6.18791e-07
983.06	-6.17795e-07
983.83	-6.16801e-07
984.6	-6.15809e-07
985.37	-6.1482e-07
986.14	-6.13832e-07
986.91	-6.12847e-07
987.68	-6.11865e-07
988.45	-6.10885e-07
989.22	-6.09908e-07
989.99	-6.08933e-07
990.76	-6.0796e-07
991.53	-6.0699e-07
992.3	-6.06022e-07
993.07	-6.05057e-07
993.84	-6.04095e-07
994.61	-6.03135e-07
995.38	-6.02178e-07
996.15	-6.01224e-07
996.92	-6.00273e-07
997.69	-5.99324e-07
998.46	-5.98379e-07
999.23	-5.97435e-07