17.2727	0.000376811
18.1818	0.000228277
19.0909	0.00015343
20	0.000102783
20.9091	6.18794e-05
21.8182	2.88297e-05
22.7273	2.637e-06
23.6364	-1.79239e-05
24.5455	-3.45028e-05
25.4545	-4.81565e-05
26.3636	-5.94298e-05
27.2727	-6.86305e-05
28.1818	-7.59227e-05
29.0909	-8.14309e-05
30	-8.52118e-05
30.9091	-8.71958e-05
31.8182	-8.74515e-05
32.7273	-8.63266e-05
33.6364	-8.427e-05
34.5455	-8.14293e-05
35.4545	-7.77921e-05
36.3636	-7.35951e-05
37.2727	-6.91793e-05
38.1818	-6.47928e-05
39.0909	-6.04713e-05
40	-5.59778e-05
40.9091	-5.16722e-05
41.8182	-4.77183e-05
42.7273	-4.34798e-05
43.6364	-3.97539e-05
44.5455	-3.66516e-05
45.4545	-3.39462e-05
46.3636	-3.15565e-05
47.2727	-2.94353e-05
48.1818	-2.75444e-05
49.0909	-2.58458e-05
50	-2.43121e-05
50.9091	-2.2923e-05
51.8182	-2.16626e-05
52.7273	-2.05174e-05
53.6364	-1.94759e-05
54.5455	-1.85272e-05
55.4545	-1.76602e-05
56.3636	-1.68652e-05
57.2727	-1.61338e-05
58.1818	-1.54596e-05
59.0909	-1.4837e-05
60	-1.42609e-05
60.9091	-1.3727e-05
61.8182	-1.32312e-05
62.7273	-1.27695e-05
63.6364	-1.23382e-05
64.5455	-1.19338e-05
65.4545	-1.15535e-05
66.3636	-1.11952e-05
67.2727	-1.08566e-05
68.1818	-1.05362e-05
69.0909	-1.02323e-05
70	-9.94357e-06
70.9091	-9.66887e-06
71.8182	-9.4073e-06
72.7273	-9.15801e-06
73.6364	-8.9202e-06
74.5455	-8.69336e-06
75.4545	-8.47663e-06
76.3636	-8.26941e-06
77.2727	-8.07107e-06
78.1818	-7.88111e-06
79.0909	-7.69906e-06
80	-7.52429e-06
80.9091	-7.35639e-06
81.8182	-7.195e-06
82.7273	-7.03978e-06
83.6364	-6.89026e-06
84.5455	-6.74619e-06
85.4545	-6.60722e-06
86.3636	-6.4731e-06
87.2727	-6.34353e-06
88.1818	-6.21825e-06
89.0909	-6.09707e-06
90	-5.97974e-06
90.9091	-5.86608e-06
91.8182	-5.75586e-06
92.7273	-5.649e-06
93.6364	-5.54526e-06
94.5455	-5.44453e-06
95.4545	-5.34664e-06
96.3636	-5.25146e-06
97.2727	-5.1589e-06
98.1818	-5.06882e-06
99.0909	-4.98112e-06
100	-4.8957e-06
100.909	-4.81245e-06
101.818	-4.73132e-06
102.727	-4.65216e-06
103.636	-4.57493e-06
104.545	-4.49954e-06
105.455	-4.42592e-06
106.364	-4.35401e-06
107.273	-4.28376e-06
108.182	-4.21513e-06
109.091	-4.14805e-06
110	-4.08249e-06
110.909	-4.01838e-06
111.818	-3.95571e-06
112.727	-3.89442e-06
113.636	-3.83447e-06
114.545	-3.77579e-06
115.455	-3.71835e-06
116.364	-3.66214e-06
117.273	-3.60709e-06
118.182	-3.55317e-06
119.091	-3.50036e-06
120	-3.44861e-06
120.909	-3.3976e-06
121.818	-3.34816e-06
122.727	-3.29942e-06
123.636	-3.25162e-06
124.545	-3.20476e-06
125.455	-3.15879e-06
126.364	-3.11371e-06
127.273	-3.06948e-06
128.182	-3.02607e-06
129.091	-2.98345e-06
130	-2.9416e-06
130.909	-2.90051e-06
131.818	-2.86013e-06
132.727	-2.82045e-06
133.636	-2.78144e-06
134.545	-2.74307e-06
135.455	-2.70532e-06
136.364	-2.66816e-06
137.273	-2.63168e-06
138.182	-2.59564e-06
139.091	-2.55996e-06
140	-2.52488e-06
140.909	-2.49022e-06
141.818	-2.45594e-06
142.727	-2.42201e-06
143.636	-2.3882e-06
144.545	-2.35487e-06
145.455	-2.32202e-06
146.364	-2.2892e-06
147.273	-2.25664e-06
148.182	-2.22434e-06
149.091	-2.19227e-06
150	-2.16045e-06
150.909	-2.12887e-06
151.818	-2.09757e-06
152.727	-2.0665e-06
153.636	-2.03576e-06
154.545	-2.00523e-06
155.455	-1.97506e-06
156.364	-1.94522e-06
157.273	-1.91575e-06
158.182	-1.88668e-06
159.091	-1.85804e-06
160	-1.82991e-06
160.909	-1.80233e-06
161.818	-1.77543e-06
162.727	-1.74933e-06
163.636	-1.72419e-06
164.545	-1.69971e-06
165.455	-1.6763e-06
166.364	-1.65381e-06
167.273	-1.63195e-06
168.182	-1.61165e-06
169.091	-1.59192e-06
170	-1.57309e-06
170.909	-1.55512e-06
171.818	-1.53797e-06
172.727	-1.52158e-06
173.636	-1.50589e-06
174.545	-1.49086e-06
175.455	-1.47641e-06
176.364	-1.46248e-06
177.273	-1.44898e-06
178.182	-1.43581e-06
179.091	-1.42287e-06
180	-1.41004e-06
180.909	-1.3972e-06
181.818	-1.38419e-06
182.727	-1.37084e-06
183.636	-1.35696e-06
184.545	-1.34226e-06
185.455	-1.32633e-06
186.364	-1.30883e-06
187.273	-1.28953e-06
188.182	-1.26829e-06
189.091	-1.24503e-06
190	-1.21968e-06
190.909	-1.19222e-06
191.818	-1.16266e-06
192.727	-1.13102e-06
193.636	-1.09734e-06
194.545	-1.06171e-06
195.455	-1.02422e-06
196.364	-9.84999e-07
197.273	-9.44167e-07
198.182	-9.01896e-07
199.091	-8.58374e-07
200	-8.13809e-07
200.909	-7.6844e-07
201.818	-7.22535e-07
202.727	-6.76399e-07
203.636	-6.30376e-07
204.545	-5.84856e-07
205.455	-5.40291e-07
206.364	-4.97205e-07
207.273	-4.56238e-07
208.182	-4.18185e-07
209.091	-3.84216e-07
210	-3.55958e-07
210.909	-3.34421e-07
211.818	-3.20179e-07
212.727	-3.13547e-07
213.636	-3.14659e-07
214.545	-3.23486e-07
215.455	-3.39855e-07
216.364	-3.63466e-07
217.273	-3.93888e-07
218.182	-4.30563e-07
219.091	-4.72805e-07
220	-5.19808e-07
220.909	-5.70592e-07
221.818	-6.24044e-07
222.727	-6.7886e-07
223.636	-7.33573e-07
224.545	-7.8624e-07
225.455	-8.3506e-07
226.364	-8.77332e-07
227.273	-9.09982e-07
228.182	-9.28775e-07
229.091	-9.26813e-07
230	-8.97733e-07
230.909	-8.38302e-07
231.818	-7.46824e-07
232.727	-6.22698e-07
233.636	-4.66204e-07
234.545	-2.78415e-07
235.455	-6.11493e-08
236.364	1.83047e-07
237.273	4.50898e-07
238.182	7.38372e-07
239.091	1.04067e-06
240	1.35219e-06
240.909	1.66669e-06
241.818	1.97773e-06
242.727	2.28089e-06
243.636	2.58885e-06
244.545	2.96057e-06
245.455	3.01309e-06
246.364	2.2652e-06
247.273	1.48239e-06
248.182	1.06942e-06
249.091	7.87127e-07
250	5.75714e-07
250.909	4.10499e-07
251.818	2.7819e-07
252.727	1.70618e-07
253.636	8.23137e-08
254.545	9.40727e-09
255.455	-5.0982e-08
256.364	-1.01054e-07
257.273	-1.42545e-07
258.182	-1.76849e-07
259.091	-2.05112e-07
260	-2.28285e-07
260.909	-2.47172e-07
261.818	-2.62455e-07
262.727	-2.74721e-07
263.636	-2.84481e-07
264.545	-2.92175e-07
265.455	-2.98195e-07
266.364	-3.0288e-07
267.273	-3.06535e-07
268.182	-3.09426e-07
269.091	-3.11791e-07
270	-3.13842e-07
270.909	-3.15765e-07
271.818	-3.17732e-07
272.727	-3.19881e-07
273.636	-3.22352e-07
274.545	-3.25259e-07
275.455	-3.28702e-07
276.364	-3.3277e-07
277.273	-3.3754e-07
278.182	-3.43076e-07
279.091	-3.49434e-07
280	-3.56657e-07
280.909	-3.64779e-07
281.818	-3.73828e-07
282.727	-3.8382e-07
283.636	-3.94762e-07
284.545	-4.06655e-07
285.455	-4.19488e-07
286.364	-4.33245e-07
287.273	-4.47897e-07
288.182	-4.63408e-07
289.091	-4.79733e-07
290	-4.96812e-07
290.909	-5.14577e-07
291.818	-5.32931e-07
292.727	-5.51792e-07
293.636	-5.7093e-07
294.545	-5.90211e-07
295.455	-6.09486e-07
296.364	-6.28657e-07
297.273	-6.47641e-07
298.182	-6.66367e-07
299.091	-6.84776e-07
300	-7.02821e-07
300.909	-7.20449e-07
301.818	-7.37621e-07
302.727	-7.54301e-07
303.636	-7.70457e-07
304.545	-7.86066e-07
305.455	-8.01096e-07
306.364	-8.15527e-07
307.273	-8.29343e-07
308.182	-8.4253e-07
309.091	-8.55065e-07
310	-8.66945e-07
310.909	-8.78162e-07
311.818	-8.88703e-07
312.727	-8.98565e-07
313.636	-9.07728e-07
314.545	-9.1622e-07
315.455	-9.24035e-07
316.364	-9.31177e-07
317.273	-9.37648e-07
318.182	-9.43448e-07
319.091	-9.48582e-07
320	-9.53062e-07
320.909	-9.56899e-07
321.818	-9.60108e-07
322.727	-9.627e-07
323.636	-9.64701e-07
324.545	-9.6613e-07
325.455	-9.67007e-07
326.364	-9.67355e-07
327.273	-9.67196e-07
328.182	-9.66569e-07
329.091	-9.65527e-07
330	-9.64115e-07
330.909	-9.62617e-07
331.818	-9.60406e-07
332.727	-9.58482e-07
333.636	-9.5579e-07
334.545	-9.53215e-07
335.455	-9.50494e-07
336.364	-9.47657e-07
337.273	-9.44712e-07
338.182	-9.4168e-07
339.091	-9.3858e-07
340	-9.35428e-07
340.909	-9.3223e-07
341.818	-9.29006e-07
342.727	-9.25764e-07
343.636	-9.22513e-07
344.545	-9.19274e-07
345.455	-9.16044e-07
346.364	-9.12837e-07
347.273	-9.09656e-07
348.182	-9.06517e-07
349.091	-9.03412e-07
350	-9.00358e-07
350.909	-8.97359e-07
351.818	-8.94418e-07
352.727	-8.91538e-07
353.636	-8.88729e-07
354.545	-8.85985e-07
355.455	-8.83316e-07
356.364	-8.8072e-07
357.273	-8.782e-07
358.182	-8.75761e-07
359.091	-8.734e-07
360	-8.71118e-07
360.909	-8.68915e-07
361.818	-8.66795e-07
362.727	-8.64751e-07
363.636	-8.62781e-07
364.545	-8.60888e-07
365.455	-8.59072e-07
366.364	-8.57321e-07
367.273	-8.55636e-07
368.182	-8.54015e-07
369.091	-8.52448e-07
370	-8.50936e-07
370.909	-8.49423e-07
371.818	-8.48e-07
372.727	-8.46564e-07
373.636	-8.45141e-07
374.545	-8.43719e-07
375.455	-8.42299e-07
376.364	-8.40878e-07
377.273	-8.39501e-07
378.182	-8.38012e-07
379.091	-8.36559e-07
380	-8.35095e-07
380.909	-8.33611e-07
381.818	-8.32108e-07
382.727	-8.30586e-07
383.636	-8.29043e-07
384.545	-8.27474e-07
385.455	-8.25878e-07
386.364	-8.2426e-07
387.273	-8.22611e-07
388.182	-8.20936e-07
389.091	-8.19236e-07
390	-8.17501e-07
390.909	-8.15737e-07
391.818	-8.13943e-07
392.727	-8.1212e-07
393.636	-8.10265e-07
394.545	-8.08379e-07
395.455	-8.06465e-07
396.364	-8.04521e-07
397.273	-8.02536e-07
398.182	-8.00526e-07
399.091	-7.98487e-07
400	-7.96415e-07
400.909	-7.94313e-07
401.818	-7.92182e-07
402.727	-7.90021e-07
403.636	-7.87835e-07
404.545	-7.85618e-07
405.455	-7.83375e-07
406.364	-7.81105e-07
407.273	-7.78809e-07
408.182	-7.7649e-07
409.091	-7.74149e-07
410	-7.71782e-07
410.909	-7.69395e-07
411.818	-7.66997e-07
412.727	-7.64571e-07
413.636	-7.62133e-07
414.545	-7.59686e-07
415.455	-7.57231e-07
416.364	-7.54765e-07
417.273	-7.52293e-07
418.182	-7.49819e-07
419.091	-7.47345e-07
420	-7.44867e-07
420.909	-7.42389e-07
421.818	-7.39914e-07
422.727	-7.37441e-07
423.636	-7.34968e-07
424.545	-7.32502e-07
425.455	-7.30024e-07
426.364	-7.27586e-07
427.273	-7.25135e-07
428.182	-7.22693e-07
429.091	-7.20256e-07
430	-7.17844e-07
430.909	-7.15411e-07
431.818	-7.12986e-07
432.727	-7.10572e-07
433.636	-7.08202e-07
434.545	-7.0582e-07
435.455	-7.03448e-07
436.364	-7.01088e-07
437.273	-6.98739e-07
438.182	-6.96399e-07
439.091	-6.94076e-07
440	-6.91761e-07
440.909	-6.8946e-07
441.818	-6.8717e-07
442.727	-6.84893e-07
443.636	-6.82629e-07
444.545	-6.8038e-07
445.455	-6.78138e-07
446.364	-6.75913e-07
447.273	-6.73701e-07
448.182	-6.71501e-07
449.091	-6.69317e-07
450	-6.67145e-07
450.909	-6.64985e-07
451.818	-6.62839e-07
452.727	-6.60706e-07
453.636	-6.58586e-07
454.545	-6.56479e-07
455.455	-6.54385e-07
456.364	-6.52303e-07
457.273	-6.50235e-07
458.182	-6.48182e-07
459.091	-6.46138e-07
460	-6.44104e-07
460.909	-6.42082e-07
461.818	-6.4007e-07
462.727	-6.38068e-07
463.636	-6.36081e-07
464.545	-6.34098e-07
465.455	-6.32126e-07
466.364	-6.30163e-07
467.273	-6.28208e-07
468.182	-6.26261e-07
469.091	-6.24319e-07
470	-6.22385e-07
470.909	-6.2046e-07
471.818	-6.18541e-07
472.727	-6.16628e-07
473.636	-6.14725e-07
474.545	-6.12821e-07
475.455	-6.10931e-07
476.364	-6.09044e-07
477.273	-6.07164e-07
478.182	-6.05289e-07
479.091	-6.03419e-07
480	-6.01556e-07
480.909	-5.99699e-07
481.818	-5.97846e-07
482.727	-5.96002e-07
483.636	-5.94161e-07
484.545	-5.92328e-07
485.455	-5.90498e-07
486.364	-5.88673e-07
487.273	-5.86855e-07
488.182	-5.85041e-07
489.091	-5.8326e-07
490	-5.81432e-07
490.909	-5.79633e-07
491.818	-5.7784e-07
492.727	-5.76052e-07
493.636	-5.7427e-07
494.545	-5.72493e-07
495.455	-5.7072e-07
496.364	-5.68954e-07
497.273	-5.67191e-07
498.182	-5.65434e-07
499.091	-5.6368e-07
500	-5.61932e-07
500.909	-5.6019e-07
501.818	-5.58452e-07
502.727	-5.56718e-07
503.636	-5.54989e-07
504.545	-5.53266e-07
505.455	-5.51546e-07
506.364	-5.49833e-07
507.273	-5.48126e-07
508.182	-5.46419e-07
509.091	-5.44721e-07
510	-5.43026e-07
510.909	-5.41345e-07
511.818	-5.39654e-07
512.727	-5.37973e-07
513.636	-5.36299e-07
514.545	-5.34631e-07
515.455	-5.32966e-07
516.364	-5.31308e-07
517.273	-5.29654e-07
518.182	-5.28007e-07
519.091	-5.26364e-07
520	-5.24727e-07
520.909	-5.23095e-07
521.818	-5.21469e-07
522.727	-5.19848e-07
523.636	-5.18234e-07
524.545	-5.16624e-07
525.455	-5.15021e-07
526.364	-5.13424e-07
527.273	-5.11831e-07
528.182	-5.10246e-07
529.091	-5.08667e-07
530	-5.07093e-07
530.909	-5.05524e-07
531.818	-5.03962e-07
532.727	-5.02406e-07
533.636	-5.00856e-07
534.545	-4.99312e-07
535.455	-4.97772e-07
536.364	-4.96239e-07
537.273	-4.94712e-07
538.182	-4.93192e-07
539.091	-4.91677e-07
540	-4.90169e-07
540.909	-4.88668e-07
541.818	-4.87171e-07
542.727	-4.85681e-07
543.636	-4.84196e-07
544.545	-4.82718e-07
545.455	-4.81246e-07
546.364	-4.7977e-07
547.273	-4.7832e-07
548.182	-4.76865e-07
549.091	-4.75418e-07
550	-4.73972e-07
550.909	-4.7254e-07
551.818	-4.71107e-07
552.727	-4.69686e-07
553.636	-4.68268e-07
554.545	-4.66855e-07
555.455	-4.65449e-07
556.364	-4.64049e-07
557.273	-4.62656e-07
558.182	-4.61266e-07
559.091	-4.59884e-07
560	-4.58507e-07
560.909	-4.57136e-07
561.818	-4.5577e-07
562.727	-4.54411e-07
563.636	-4.53058e-07
564.545	-4.51711e-07
565.455	-4.50368e-07
566.364	-4.49032e-07
567.273	-4.47702e-07
568.182	-4.46377e-07
569.091	-4.45059e-07
570	-4.4374e-07
570.909	-4.42437e-07
571.818	-4.41134e-07
572.727	-4.39838e-07
573.636	-4.38546e-07
574.545	-4.3726e-07
575.455	-4.35981e-07
576.364	-4.34706e-07
577.273	-4.33437e-07
578.182	-4.32172e-07
579.091	-4.30914e-07
580	-4.2966e-07
580.909	-4.28412e-07
581.818	-4.27169e-07
582.727	-4.25931e-07
583.636	-4.247e-07
584.545	-4.2347e-07
585.455	-4.22247e-07
586.364	-4.21029e-07
587.273	-4.19816e-07
588.182	-4.18607e-07
589.091	-4.17404e-07
590	-4.16206e-07
590.909	-4.15011e-07
591.818	-4.13822e-07
592.727	-4.12639e-07
593.636	-4.11458e-07
594.545	-4.10283e-07
595.455	-4.09112e-07
596.364	-4.07946e-07
597.273	-4.06785e-07
598.182	-4.05627e-07
599.091	-4.04474e-07
600	-4.03325e-07
600.909	-4.02182e-07
601.818	-4.01043e-07
602.727	-3.99907e-07
603.636	-3.98776e-07
604.545	-3.97648e-07
605.455	-3.96525e-07
606.364	-3.95405e-07
607.273	-3.94291e-07
608.182	-3.93181e-07
609.091	-3.92074e-07
610	-3.90971e-07
610.909	-3.89873e-07
611.818	-3.8878e-07
612.727	-3.87688e-07
613.636	-3.86601e-07
614.545	-3.85519e-07
615.455	-3.84441e-07
616.364	-3.83367e-07
617.273	-3.82175e-07
618.182	-3.81233e-07
619.091	-3.80168e-07
620	-3.79108e-07
620.909	-3.78054e-07
621.818	-3.77004e-07
622.727	-3.75957e-07
623.636	-3.74914e-07
624.545	-3.73875e-07
625.455	-3.72839e-07
626.364	-3.71808e-07
627.273	-3.70781e-07
628.182	-3.69756e-07
629.091	-3.68736e-07
630	-3.6772e-07
630.909	-3.66707e-07
631.818	-3.65698e-07
632.727	-3.64694e-07
633.636	-3.63692e-07
634.545	-3.62694e-07
635.455	-3.617e-07
636.364	-3.60719e-07
637.273	-3.59722e-07
638.182	-3.58738e-07
639.091	-3.57759e-07
640	-3.56783e-07
640.909	-3.55811e-07
641.818	-3.54842e-07
642.727	-3.53876e-07
643.636	-3.52915e-07
644.545	-3.51956e-07
645.455	-3.51e-07
646.364	-3.50049e-07
647.273	-3.49102e-07
648.182	-3.48157e-07
649.091	-3.47216e-07
650	-3.46281e-07
650.909	-3.45345e-07
651.818	-3.44415e-07
652.727	-3.43488e-07
653.636	-3.42564e-07
654.545	-3.41644e-07
655.455	-3.40727e-07
656.364	-3.39814e-07
657.273	-3.38904e-07
658.182	-3.37997e-07
659.091	-3.37094e-07
660	-3.36194e-07
660.909	-3.35298e-07
661.818	-3.34405e-07
662.727	-3.33516e-07
663.636	-3.32629e-07
664.545	-3.31746e-07
665.455	-3.30866e-07
666.364	-3.2999e-07
667.273	-3.29117e-07
668.182	-3.28247e-07
669.091	-3.27381e-07
670	-3.26517e-07
670.909	-3.25657e-07
671.818	-3.24801e-07
672.727	-3.23947e-07
673.636	-3.23097e-07
674.545	-3.2225e-07
675.455	-3.21406e-07
676.364	-3.20565e-07
677.273	-3.19727e-07
678.182	-3.18893e-07
679.091	-3.18063e-07
680	-3.17233e-07
680.909	-3.16409e-07
681.818	-3.15587e-07
682.727	-3.14769e-07
683.636	-3.13954e-07
684.545	-3.13141e-07
685.455	-3.12332e-07
686.364	-3.11525e-07
687.273	-3.10722e-07
688.182	-3.09922e-07
689.091	-3.09125e-07
690	-3.08331e-07
690.909	-3.0754e-07
691.818	-3.06752e-07
692.727	-3.05967e-07
693.636	-3.05184e-07
694.545	-3.04405e-07
695.455	-3.0363e-07
696.364	-3.02857e-07
697.273	-3.02088e-07
698.182	-3.01318e-07
699.091	-3.00554e-07
700	-2.99793e-07
700.909	-2.99034e-07
701.818	-2.98278e-07
702.727	-2.97525e-07
703.636	-2.96776e-07
704.545	-2.96028e-07
705.455	-2.95284e-07
706.364	-2.94542e-07
707.273	-2.93803e-07
708.182	-2.93067e-07
709.091	-2.92334e-07
710	-2.91603e-07
710.909	-2.90875e-07
711.818	-2.9015e-07
712.727	-2.89428e-07
713.636	-2.8871e-07
714.545	-2.87992e-07
715.455	-2.87276e-07
716.364	-2.86566e-07
717.273	-2.85858e-07
718.182	-2.85152e-07
719.091	-2.84448e-07
720	-2.83747e-07
720.909	-2.83049e-07
721.818	-2.82353e-07
722.727	-2.8166e-07
723.636	-2.8097e-07
724.545	-2.80281e-07
725.455	-2.79596e-07
726.364	-2.78912e-07
727.273	-2.78231e-07
728.182	-2.77554e-07
729.091	-2.76878e-07
730	-2.76205e-07
730.909	-2.75535e-07
731.818	-2.74866e-07
732.727	-2.74201e-07
733.636	-2.73538e-07
734.545	-2.72877e-07
735.455	-2.72218e-07
736.364	-2.71562e-07
737.273	-2.70908e-07
738.182	-2.70256e-07
739.091	-2.69607e-07
740	-2.68959e-07
740.909	-2.68314e-07
741.818	-2.67672e-07
742.727	-2.67032e-07
743.636	-2.66394e-07
744.545	-2.65758e-07
745.455	-2.65124e-07
746.364	-2.64492e-07
747.273	-2.63863e-07
748.182	-2.63236e-07
749.091	-2.62611e-07
750	-2.61988e-07
750.909	-2.61367e-07
751.818	-2.60749e-07
752.727	-2.60133e-07
753.636	-2.59517e-07
754.545	-2.58905e-07
755.455	-2.58296e-07
756.364	-2.57688e-07
757.273	-2.57082e-07
758.182	-2.56478e-07
759.091	-2.55876e-07
760	-2.55276e-07
760.909	-2.54679e-07
761.818	-2.54083e-07
762.727	-2.53489e-07
763.636	-2.52898e-07
764.545	-2.52308e-07
765.455	-2.5172e-07
766.364	-2.51134e-07
767.273	-2.50551e-07
768.182	-2.49969e-07
769.091	-2.49389e-07
770	-2.48811e-07
770.909	-2.48235e-07
771.818	-2.47661e-07
772.727	-2.47088e-07
773.636	-2.46519e-07
774.545	-2.4595e-07
775.455	-2.45384e-07
776.364	-2.4482e-07
777.273	-2.44257e-07
778.182	-2.43696e-07
779.091	-2.43137e-07
780	-2.4258e-07
780.909	-2.42025e-07
781.818	-2.41471e-07
782.727	-2.4092e-07
783.636	-2.4037e-07
784.545	-2.39822e-07
785.455	-2.39276e-07
786.364	-2.38731e-07
787.273	-2.38189e-07
788.182	-2.37648e-07
789.091	-2.37109e-07
790	-2.36572e-07
790.909	-2.36036e-07
791.818	-2.35502e-07
792.727	-2.3497e-07
793.636	-2.3444e-07
794.545	-2.33911e-07
795.455	-2.33384e-07
796.364	-2.32859e-07
797.273	-2.32336e-07
798.182	-2.31814e-07
799.091	-2.31294e-07
800	-2.30776e-07
800.909	-2.30259e-07
801.818	-2.29744e-07
802.727	-2.29231e-07
803.636	-2.28719e-07
804.545	-2.28209e-07
805.455	-2.27701e-07
806.364	-2.27194e-07
807.273	-2.26689e-07
808.182	-2.26185e-07
809.091	-2.25683e-07
810	-2.25183e-07
810.909	-2.24684e-07
811.818	-2.24187e-07
812.727	-2.23691e-07
813.636	-2.23197e-07
814.545	-2.22704e-07
815.455	-2.22213e-07
816.364	-2.21724e-07
817.273	-2.21236e-07
818.182	-2.2075e-07
819.091	-2.20265e-07
820	-2.19781e-07
820.909	-2.19299e-07
821.818	-2.1882e-07
822.727	-2.18341e-07
823.636	-2.17863e-07
824.545	-2.17388e-07
825.455	-2.16913e-07
826.364	-2.1644e-07
827.273	-2.15968e-07
828.182	-2.15498e-07
829.091	-2.1503e-07
830	-2.14563e-07
830.909	-2.14097e-07
831.818	-2.13633e-07
832.727	-2.1317e-07
833.636	-2.12709e-07
834.545	-2.12248e-07
835.455	-2.1179e-07
836.364	-2.11333e-07
837.273	-2.10877e-07
838.182	-2.10419e-07
839.091	-2.0997e-07
840	-2.09518e-07
840.909	-2.09068e-07
841.818	-2.08619e-07
842.727	-2.08176e-07
843.636	-2.07728e-07
844.545	-2.07281e-07
845.455	-2.06836e-07
846.364	-2.06392e-07
847.273	-2.0595e-07
848.182	-2.05508e-07
849.091	-2.05076e-07
850	-2.04639e-07
850.909	-2.04203e-07
851.818	-2.03769e-07
852.727	-2.03336e-07
853.636	-2.02904e-07
854.545	-2.02474e-07
855.455	-2.02045e-07
856.364	-2.01617e-07
857.273	-2.01191e-07
858.182	-2.00766e-07
859.091	-2.00342e-07
860	-1.99919e-07
860.909	-1.99498e-07
861.818	-1.99077e-07
862.727	-1.98658e-07
863.636	-1.9824e-07
864.545	-1.97824e-07
865.455	-1.97408e-07
866.364	-1.96995e-07
867.273	-1.96581e-07
868.182	-1.9617e-07
869.091	-1.95761e-07
870	-1.95351e-07
870.909	-1.94943e-07
871.818	-1.94535e-07
872.727	-1.94129e-07
873.636	-1.93726e-07
874.545	-1.93323e-07
875.455	-1.92921e-07
876.364	-1.9252e-07
877.273	-1.9212e-07
878.182	-1.91722e-07
879.091	-1.91325e-07
880	-1.90928e-07
880.909	-1.90534e-07
881.818	-1.9014e-07
882.727	-1.89747e-07
883.636	-1.89356e-07
884.545	-1.88965e-07
885.455	-1.88576e-07
886.364	-1.88188e-07
887.273	-1.87801e-07
888.182	-1.87415e-07
889.091	-1.87031e-07
890	-1.86647e-07
890.909	-1.86265e-07
891.818	-1.85884e-07
892.727	-1.85503e-07
893.636	-1.85124e-07
894.545	-1.84746e-07
895.455	-1.84369e-07
896.364	-1.83993e-07
897.273	-1.83618e-07
898.182	-1.83245e-07
899.091	-1.82873e-07
900	-1.82499e-07
900.909	-1.82131e-07
901.818	-1.8176e-07
902.727	-1.81393e-07
903.636	-1.81025e-07
904.545	-1.80659e-07
905.455	-1.80294e-07
906.364	-1.7993e-07
907.273	-1.79567e-07
908.182	-1.79205e-07
909.091	-1.78845e-07
910	-1.78485e-07
910.909	-1.78126e-07
911.818	-1.77768e-07
912.727	-1.77412e-07
913.636	-1.77056e-07
914.545	-1.76701e-07
915.455	-1.76347e-07
916.364	-1.75994e-07
917.273	-1.75643e-07
918.182	-1.75293e-07
919.091	-1.74943e-07
920	-1.74595e-07
920.909	-1.74247e-07
921.818	-1.739e-07
922.727	-1.73555e-07
923.636	-1.7321e-07
924.545	-1.72866e-07
925.455	-1.72524e-07
926.364	-1.72188e-07
927.273	-1.71841e-07
928.182	-1.71502e-07
929.091	-1.71163e-07
930	-1.70826e-07
930.909	-1.70488e-07
931.818	-1.70152e-07
932.727	-1.69818e-07
933.636	-1.69484e-07
934.545	-1.69151e-07
935.455	-1.68818e-07
936.364	-1.45248e-07
937.273	-1.68157e-07
938.182	-1.67828e-07
939.091	-1.675e-07
940	-1.67172e-07
940.909	-1.66846e-07
941.818	-1.6652e-07
942.727	-1.66196e-07
943.636	-1.65872e-07
944.545	-1.65549e-07
945.455	-1.65227e-07
946.364	-1.64907e-07
947.273	-1.64587e-07
948.182	-1.64267e-07
949.091	-1.63949e-07
950	-1.63632e-07
950.909	-1.63316e-07
951.818	-1.63e-07
952.727	-1.62685e-07
953.636	-1.62372e-07
954.545	-1.62059e-07
955.455	-1.61747e-07
956.364	-1.61436e-07
957.273	-1.61126e-07
958.182	-1.60816e-07
959.091	-1.60508e-07
960	-1.602e-07
960.909	-1.59894e-07
961.818	-1.59588e-07
962.727	-1.59283e-07
963.636	-1.58979e-07
964.545	-1.58676e-07
965.455	-1.58373e-07
966.364	-1.58072e-07
967.273	-1.57771e-07
968.182	-1.57466e-07
969.091	-1.57172e-07
970	-1.56874e-07
970.909	-1.56576e-07
971.818	-1.5628e-07
972.727	-1.55984e-07
973.636	-1.55689e-07
974.545	-1.55395e-07
975.455	-1.55102e-07
976.364	-1.5481e-07
977.273	-1.54518e-07
978.182	-1.54227e-07
979.091	-1.53937e-07
980	-1.53648e-07
980.909	-1.5336e-07
981.818	-1.53072e-07
982.727	-1.52785e-07
983.636	-1.525e-07
984.545	-1.52215e-07
985.455	-1.5193e-07
986.364	-1.51646e-07
987.273	-1.51364e-07
988.182	-1.51082e-07
989.091	-1.508e-07
990	-1.5052e-07
990.909	-1.5024e-07
991.818	-1.49963e-07
992.727	-1.49684e-07
993.636	-1.49406e-07
994.545	-1.49131e-07
995.455	-1.48855e-07
996.364	-1.48579e-07
997.273	-1.48305e-07
998.182	-1.48032e-07
999.091	-1.47759e-07
1000	-1.47487e-07
1000.91	-1.47216e-07
1001.82	-1.46945e-07
1002.73	-1.46675e-07
1003.64	-1.46406e-07
1004.55	-1.46138e-07
1005.45	-1.45874e-07
1006.36	-1.45603e-07
1007.27	-1.45337e-07
1008.18	-1.45071e-07
1009.09	-1.44806e-07
1010	-1.44542e-07
1010.91	-1.44284e-07
1011.82	-1.44016e-07
1012.73	-1.43754e-07
1013.64	-1.43493e-07
1014.55	-1.43233e-07
1015.45	-1.42973e-07
1016.36	-1.42714e-07
1017.27	-1.42455e-07
1018.18	-1.42197e-07
1019.09	-1.4194e-07
1020	-1.41684e-07
1020.91	-1.41428e-07
1021.82	-1.41173e-07
1022.73	-1.40919e-07
1023.64	-1.40665e-07
1024.55	-1.40412e-07
1025.45	-1.4016e-07
1026.36	-1.39908e-07
1027.27	-1.39657e-07
1028.18	-1.39406e-07
1029.09	-1.39157e-07
1030	-1.38908e-07
1030.91	-1.38659e-07
1031.82	-1.38411e-07
1032.73	-1.38164e-07
1033.64	-1.37928e-07
1034.55	-1.37672e-07
1035.45	-1.37427e-07
1036.36	-1.37182e-07
1037.27	-1.36938e-07
1038.18	-1.36695e-07
1039.09	-1.36453e-07
1040	-1.36211e-07
1040.91	-1.3597e-07
1041.82	-1.35729e-07
1042.73	-1.35489e-07
1043.64	-1.3525e-07
1044.55	-1.35011e-07
1045.45	-1.34772e-07
1046.36	-1.34535e-07
1047.27	-1.34298e-07
1048.18	-1.34062e-07
1049.09	-1.33826e-07
1050	-1.33591e-07
1050.91	-1.33356e-07
1051.82	-1.33122e-07
1052.73	-1.32889e-07
1053.64	-1.32656e-07
1054.55	-1.32424e-07
1055.45	-1.32192e-07
1056.36	-1.31961e-07
1057.27	-1.31731e-07
1058.18	-1.31501e-07
1059.09	-1.31272e-07
1060	-1.31043e-07
1060.91	-1.30815e-07
1061.82	-1.30588e-07
1062.73	-1.30361e-07
1063.64	-1.30134e-07
1064.55	-1.2991e-07
1065.45	-1.29684e-07
1066.36	-1.2946e-07
1067.27	-1.29236e-07
1068.18	-1.29012e-07
1069.09	-1.28789e-07
1070	-1.28566e-07
1070.91	-1.28344e-07
1071.82	-1.28123e-07
1072.73	-1.27903e-07
1073.64	-1.27683e-07
1074.55	-1.27463e-07
1075.45	-1.27244e-07
1076.36	-1.27026e-07
1077.27	-1.26808e-07
1078.18	-1.2659e-07
1079.09	-1.26374e-07
1080	-1.26157e-07
1080.91	-1.25942e-07
1081.82	-1.25726e-07
1082.73	-1.25512e-07
1083.64	-1.25298e-07
1084.55	-1.25084e-07
1085.45	-1.24871e-07
1086.36	-1.24658e-07
1087.27	-1.24447e-07
1088.18	-1.24235e-07
1089.09	-1.24024e-07
1090	-1.23814e-07
1090.91	-1.23604e-07
1091.82	-1.23395e-07
1092.73	-1.23186e-07
1093.64	-1.22977e-07
1094.55	-1.22769e-07
1095.45	-1.22562e-07
1096.36	-1.22355e-07
1097.27	-1.22149e-07
1098.18	-1.21944e-07
1099.09	-1.21738e-07
1100	-1.21533e-07
1100.91	-1.21329e-07
1101.82	-1.21125e-07
1102.73	-1.20922e-07
1103.64	-1.20719e-07
1104.55	-1.20517e-07
1105.45	-1.21245e-07
1106.36	-1.20114e-07
1107.27	-1.19913e-07
1108.18	-1.19713e-07
1109.09	-1.19513e-07
1110	-1.19314e-07
1110.91	-1.19115e-07
1111.82	-1.18917e-07
1112.73	-1.18719e-07
1113.64	-1.18521e-07
1114.55	-1.18324e-07
1115.45	-1.18128e-07
1116.36	-1.17932e-07
1117.27	-1.17737e-07
1118.18	-1.17542e-07
1119.09	-1.17347e-07
1120	-1.17154e-07
1120.91	-1.1696e-07
1121.82	-1.16766e-07
1122.73	-1.16573e-07
1123.64	-1.16382e-07
1124.55	-1.16189e-07
1125.45	-1.15999e-07
1126.36	-1.15808e-07
1127.27	-1.15617e-07
1128.18	-1.15427e-07
1129.09	-1.15237e-07
1130	-1.15049e-07
1130.91	-1.14861e-07
1131.82	-1.14672e-07
1132.73	-1.14485e-07
1133.64	-1.14297e-07
1134.55	-1.14111e-07
1135.45	-1.13925e-07
1136.36	-1.13739e-07
1137.27	-1.13553e-07
1138.18	-1.13368e-07
1139.09	-1.13184e-07
1140	-1.13e-07
1140.91	-1.12816e-07
1141.82	-1.12633e-07
1142.73	-1.1245e-07
1143.64	-1.12268e-07
1144.55	-1.12086e-07
1145.45	-1.11904e-07
1146.36	-1.11723e-07
1147.27	-1.11542e-07
1148.18	-1.11362e-07
1149.09	-1.11182e-07
1150	-1.11003e-07
1150.91	-1.10824e-07
1151.82	-1.10645e-07
1152.73	-1.10467e-07
1153.64	-1.1029e-07
1154.55	-1.10112e-07
1155.45	-1.09936e-07
1156.36	-1.09759e-07
1157.27	-1.09583e-07
1158.18	-1.09407e-07
1159.09	-1.09232e-07
1160	-1.09057e-07
1160.91	-1.08883e-07
1161.82	-1.08709e-07
1162.73	-1.08535e-07
1163.64	-1.08362e-07
1164.55	-1.08189e-07
1165.45	-1.08017e-07
1166.36	-1.07845e-07
1167.27	-1.07673e-07
1168.18	-1.07502e-07
1169.09	-1.07331e-07
1170	-1.07161e-07
1170.91	-1.0699e-07
1171.82	-1.06821e-07
1172.73	-1.06652e-07
1173.64	-1.06483e-07
1174.55	-1.06314e-07
1175.45	-1.06146e-07
1176.36	-1.05978e-07
1177.27	-1.05811e-07
1178.18	-1.05644e-07
1179.09	-1.05477e-07
1180	-1.05311e-07
1180.91	-1.05146e-07
1181.82	-1.0498e-07
1182.73	-1.04815e-07
1183.64	-1.0465e-07
1184.55	-1.04486e-07
1185.45	-1.04322e-07
1186.36	-1.04159e-07
1187.27	-1.03995e-07
1188.18	-1.03832e-07
1189.09	-1.0367e-07
1190	-1.03508e-07
1190.91	-1.03346e-07
1191.82	-1.03185e-07
1192.73	-1.03024e-07
1193.64	-1.02863e-07
1194.55	-1.02703e-07
1195.45	-1.02543e-07
1196.36	-1.02383e-07
1197.27	-1.02223e-07
1198.18	-1.02064e-07
1199.09	-1.01906e-07
1200	-1.01748e-07
1200.91	-1.0159e-07
1201.82	-1.01433e-07
1202.73	-1.01276e-07
1203.64	-1.01119e-07
1204.55	-1.00963e-07
1205.45	-1.00807e-07
1206.36	-1.00651e-07
1207.27	-1.00496e-07
1208.18	-1.00341e-07
1209.09	-1.00187e-07
1210	-1.00032e-07
1210.91	-9.98783e-08
1211.82	-9.97248e-08
1212.73	-9.95717e-08
1213.64	-9.94187e-08
1214.55	-9.92661e-08
1215.45	-9.9114e-08
1216.36	-9.89621e-08
1217.27	-9.88107e-08
1218.18	-9.86595e-08
1219.09	-9.85088e-08
1220	-9.83583e-08
1220.91	-9.82083e-08
1221.82	-9.80582e-08
1222.73	-9.79086e-08
1223.64	-9.77596e-08
1224.55	-9.76106e-08
1225.45	-9.74621e-08
1226.36	-9.73139e-08
1227.27	-9.7166e-08
1228.18	-9.70184e-08
1229.09	-9.68712e-08
1230	-9.67242e-08
1230.91	-9.65777e-08
1231.82	-9.64314e-08
1232.73	-9.62854e-08
1233.64	-9.61398e-08
1234.55	-9.59943e-08
1235.45	-9.58494e-08
1236.36	-9.57046e-08
1237.27	-9.55601e-08
1238.18	-9.54161e-08
1239.09	-9.52724e-08
1240	-9.5129e-08
1240.91	-9.49857e-08
1241.82	-9.48414e-08
1242.73	-9.47004e-08
1243.64	-9.45566e-08
1244.55	-9.44167e-08
1245.45	-9.42732e-08
1246.36	-9.41319e-08
1247.27	-9.39909e-08
1248.18	-9.38505e-08
1249.09	-9.37095e-08
1250	-9.35699e-08
1250.91	-9.34302e-08
1251.82	-9.32906e-08
1252.73	-9.31513e-08
1253.64	-9.30125e-08
1254.55	-9.28738e-08
1255.45	-9.27356e-08
1256.36	-9.25976e-08
1257.27	-9.24599e-08
1258.18	-9.23225e-08
1259.09	-9.21852e-08
1260	-9.20487e-08
1260.91	-9.1912e-08
1261.82	-9.17757e-08
1262.73	-9.164e-08
1263.64	-9.15042e-08
1264.55	-9.13688e-08
1265.45	-9.12338e-08
1266.36	-9.10988e-08
1267.27	-9.09642e-08
1268.18	-9.08301e-08
1269.09	-9.06969e-08
1270	-9.05626e-08
1270.91	-9.04292e-08
1271.82	-9.0296e-08
1272.73	-9.01631e-08
1273.64	-9.00306e-08
1274.55	-8.98984e-08
1275.45	-8.97664e-08
1276.36	-8.96348e-08
1277.27	-8.95031e-08
1278.18	-8.93723e-08
1279.09	-8.92413e-08
1280	-8.91105e-08
1280.91	-8.89802e-08
1281.82	-8.88501e-08
1282.73	-8.87202e-08
1283.64	-8.85908e-08
1284.55	-8.84615e-08
1285.45	-8.83325e-08
1286.36	-8.82038e-08
1287.27	-8.80751e-08
1288.18	-8.7947e-08
1289.09	-8.78191e-08
1290	-8.76915e-08
1290.91	-8.75643e-08
1291.82	-8.74371e-08
1292.73	-8.73102e-08
1293.64	-8.71836e-08
1294.55	-8.70573e-08
1295.45	-8.6931e-08
1296.36	-8.68054e-08
1297.27	-8.66798e-08
1298.18	-8.65542e-08
1299.09	-8.64292e-08
1300	-8.63045e-08
1300.91	-8.61798e-08
1301.82	-8.60556e-08
1302.73	-8.59317e-08
1303.64	-8.58077e-08
1304.55	-8.56841e-08
1305.45	-8.55609e-08
1306.36	-8.54378e-08
1307.27	-8.5315e-08
1308.18	-8.51925e-08
1309.09	-8.50704e-08
1310	-8.49482e-08
1310.91	-8.48267e-08
1311.82	-8.47047e-08
1312.73	-8.45836e-08
1313.64	-8.44625e-08
1314.55	-8.43419e-08
1315.45	-8.42212e-08
1316.36	-8.41011e-08
1317.27	-8.39808e-08
1318.18	-8.38611e-08
1319.09	-8.37415e-08
1320	-8.36222e-08
1320.91	-8.3503e-08
1321.82	-8.33841e-08
1322.73	-8.32654e-08
1323.64	-8.3147e-08
1324.55	-8.30288e-08
1325.45	-8.29109e-08
1326.36	-8.27932e-08
1327.27	-8.26759e-08
1328.18	-8.25586e-08
1329.09	-8.24416e-08
1330	-8.2325e-08
1330.91	-8.22086e-08
1331.82	-8.20922e-08
1332.73	-8.19762e-08
1333.64	-8.18605e-08
1334.55	-8.17448e-08
1335.45	-8.16295e-08
1336.36	-8.15143e-08
1337.27	-8.13994e-08
1338.18	-8.12846e-08
1339.09	-8.11704e-08
1340	-8.10561e-08
1340.91	-8.09424e-08
1341.82	-8.08286e-08
1342.73	-8.07146e-08
1343.64	-8.06012e-08
1344.55	-8.04863e-08
1345.45	-8.03755e-08
1346.36	-8.02629e-08
1347.27	-8.01505e-08
1348.18	-8.00384e-08
1349.09	-7.99264e-08
1350	-7.98145e-08
1350.91	-7.97031e-08
1351.82	-7.95917e-08
1352.73	-7.94807e-08
1353.64	-7.93698e-08
1354.55	-7.92591e-08
1355.45	-7.91488e-08
1356.36	-7.90385e-08
1357.27	-7.89284e-08
1358.18	-7.88188e-08
1359.09	-7.87093e-08
1360	-7.85998e-08
1360.91	-7.84907e-08
1361.82	-7.83818e-08
1362.73	-7.8273e-08
1363.64	-7.81645e-08
1364.55	-7.80561e-08
1365.45	-7.7948e-08
1366.36	-7.78402e-08
1367.27	-7.77326e-08
1368.18	-7.76251e-08
1369.09	-7.75179e-08
1370	-7.74108e-08
1370.91	-7.7304e-08
1371.82	-7.71974e-08
1372.73	-7.7091e-08
1373.64	-7.69855e-08
1374.55	-7.6879e-08
1375.45	-7.67731e-08
1376.36	-7.66675e-08
1377.27	-7.6562e-08
1378.18	-7.6457e-08
1379.09	-7.63521e-08
1380	-7.62472e-08
1380.91	-7.61427e-08
1381.82	-7.60383e-08
1382.73	-7.59344e-08
1383.64	-7.58302e-08
1384.55	-7.57265e-08
1385.45	-7.56229e-08
1386.36	-7.55196e-08
1387.27	-7.54163e-08
1388.18	-7.53134e-08
1389.09	-7.52108e-08
1390	-7.51081e-08
1390.91	-7.50055e-08
1391.82	-7.49035e-08
1392.73	-7.48016e-08
1393.64	-7.46999e-08
1394.55	-7.45983e-08
1395.45	-7.44969e-08
1396.36	-7.43957e-08
1397.27	-7.42947e-08
1398.18	-7.41939e-08
1399.09	-7.40933e-08
1400	-7.39929e-08
1400.91	-7.38927e-08
1401.82	-7.37925e-08
1402.73	-7.36928e-08
1403.64	-7.35933e-08
1404.55	-7.34937e-08
1405.45	-7.33944e-08
1406.36	-7.32953e-08
1407.27	-7.31964e-08
1408.18	-7.30978e-08
1409.09	-7.29994e-08
1410	-7.2901e-08
1410.91	-7.2803e-08
1411.82	-7.2705e-08
1412.73	-7.26072e-08
1413.64	-7.25093e-08
1414.55	-7.24116e-08
1415.45	-7.23152e-08
1416.36	-7.22181e-08
1417.27	-7.21213e-08
1418.18	-7.20247e-08
1419.09	-7.19282e-08
1420	-7.18319e-08
1420.91	-7.17357e-08
1421.82	-7.16399e-08
1422.73	-7.15443e-08
1423.64	-7.14487e-08
1424.55	-7.13533e-08
1425.45	-7.12582e-08
1426.36	-7.11631e-08
1427.27	-7.10684e-08
1428.18	-7.09738e-08
1429.09	-7.08792e-08
1430	-7.07849e-08
1430.91	-7.06909e-08
1431.82	-7.05984e-08
1432.73	-7.05049e-08
1433.64	-7.04098e-08
1434.55	-7.03164e-08
1435.45	-7.02232e-08
1436.36	-7.01302e-08
1437.27	-7.00374e-08
1438.18	-6.99448e-08
1439.09	-6.98524e-08
1440	-6.97601e-08
1440.91	-6.9668e-08
1441.82	-6.9576e-08
1442.73	-6.94842e-08
1443.64	-6.93926e-08
1444.55	-6.93012e-08
1445.45	-6.921e-08
1446.36	-6.91189e-08
1447.27	-6.9028e-08
1448.18	-6.89373e-08
1449.09	-6.88468e-08
1450	-6.87564e-08
1450.91	-6.8666e-08
1451.82	-6.85761e-08
1452.73	-6.84862e-08
1453.64	-6.83964e-08
1454.55	-6.83069e-08
1455.45	-6.82177e-08
1456.36	-6.81285e-08
1457.27	-6.80394e-08
1458.18	-6.79507e-08
1459.09	-6.78619e-08
1460	-6.77734e-08
1460.91	-6.76803e-08
1461.82	-6.75968e-08
1462.73	-6.75088e-08
1463.64	-6.7421e-08
1464.55	-6.73332e-08
1465.45	-6.72453e-08
1466.36	-6.71583e-08
1467.27	-6.70711e-08
1468.18	-6.69843e-08
1469.09	-6.68973e-08
1470	-6.68107e-08
1470.91	-6.67239e-08
1471.82	-6.66376e-08
1472.73	-6.65514e-08
1473.64	-6.64653e-08
1474.55	-6.63795e-08
1475.45	-6.62936e-08
1476.36	-6.62081e-08
1477.27	-6.61228e-08
1478.18	-6.60377e-08
1479.09	-6.59524e-08
1480	-6.58674e-08
1480.91	-6.57826e-08
1481.82	-6.56981e-08
1482.73	-6.56136e-08
1483.64	-6.55293e-08
1484.55	-6.54451e-08
1485.45	-6.53611e-08
1486.36	-6.52773e-08
1487.27	-6.51937e-08
1488.18	-6.51103e-08
1489.09	-6.50268e-08
1490	-6.49432e-08
1490.91	-6.48602e-08
1491.82	-6.47775e-08
1492.73	-6.46947e-08
1493.64	-6.4612e-08
1494.55	-6.45296e-08
1495.45	-6.44472e-08
1496.36	-6.4365e-08
1497.27	-6.4283e-08
1498.18	-6.42012e-08
1499.09	-6.41194e-08
1500	-6.4038e-08
1500.91	-6.39565e-08
1501.82	-6.38752e-08
1502.73	-6.37941e-08
1503.64	-6.37131e-08
1504.55	-6.36323e-08
1505.45	-6.35516e-08
1506.36	-6.34711e-08
1507.27	-6.33908e-08
1508.18	-6.33105e-08
1509.09	-6.32305e-08
1510	-6.31504e-08
1510.91	-6.30707e-08
1511.82	-6.29909e-08
1512.73	-6.29114e-08
1513.64	-6.28321e-08
1514.55	-6.27529e-08
1515.45	-6.26737e-08
1516.36	-6.25948e-08
1517.27	-6.25161e-08
1518.18	-6.24373e-08
1519.09	-6.23588e-08
1520	-6.22804e-08
1520.91	-6.22022e-08
1521.82	-6.21241e-08
1522.73	-6.2046e-08
1523.64	-6.19682e-08
1524.55	-6.18907e-08
1525.45	-6.18131e-08
1526.36	-6.17357e-08
1527.27	-6.16583e-08
1528.18	-6.15812e-08
1529.09	-6.15042e-08
1530	-6.14273e-08
1530.91	-6.13507e-08
1531.82	-6.12738e-08
1532.73	-6.11972e-08
1533.64	-6.1121e-08
1534.55	-6.10448e-08
1535.45	-6.09687e-08
1536.36	-6.08927e-08
1537.27	-6.0817e-08
1538.18	-6.07413e-08
1539.09	-6.06657e-08
1540	-6.05903e-08
1540.91	-6.05149e-08
1541.82	-6.04397e-08
1542.73	-6.03648e-08
1543.64	-6.02899e-08
1544.55	-6.02151e-08
1545.45	-6.01404e-08
1546.36	-6.00659e-08
1547.27	-5.99914e-08
1548.18	-5.99172e-08
1549.09	-5.98428e-08
1550	-5.9769e-08
1550.91	-5.96951e-08
1551.82	-5.96215e-08
1552.73	-5.95478e-08
1553.64	-5.94743e-08
1554.55	-5.9401e-08
1555.45	-5.93277e-08
1556.36	-5.92545e-08
1557.27	-5.91815e-08
1558.18	-5.91086e-08
1559.09	-5.90359e-08
1560	-5.89633e-08
1560.91	-5.88907e-08
1561.82	-5.88182e-08
1562.73	-5.8746e-08
1563.64	-5.86737e-08
1564.55	-5.86015e-08
1565.45	-5.85296e-08
1566.36	-5.84577e-08
1567.27	-5.8386e-08
1568.18	-5.8314e-08
1569.09	-5.82425e-08
1570	-5.81712e-08
1570.91	-5.80998e-08
1571.82	-5.80287e-08
1572.73	-5.79576e-08
1573.64	-5.78867e-08
1574.55	-5.78159e-08
1575.45	-5.77452e-08
1576.36	-5.76745e-08
1577.27	-5.76038e-08
1578.18	-5.75336e-08
1579.09	-5.74633e-08
1580	-5.73932e-08
1580.91	-5.73231e-08
1581.82	-5.72531e-08
1582.73	-5.71832e-08
1583.64	-5.71134e-08
1584.55	-5.70438e-08
1585.45	-5.69742e-08
1586.36	-5.69049e-08
1587.27	-5.68354e-08
1588.18	-5.67662e-08
1589.09	-5.66969e-08
1590	-5.66279e-08
1590.91	-5.6559e-08
1591.82	-5.64901e-08
1592.73	-5.64214e-08
1593.64	-5.63527e-08
1594.55	-5.62841e-08
1595.45	-5.62157e-08
1596.36	-5.61472e-08
1597.27	-5.60789e-08
1598.18	-5.60108e-08
1599.09	-5.59427e-08
1600	-5.58745e-08
1600.91	-5.58065e-08
1601.82	-5.57387e-08
1602.73	-5.5671e-08
1603.64	-5.56033e-08
1604.55	-5.55359e-08
1605.45	-5.54683e-08
1606.36	-5.54009e-08
1607.27	-5.53336e-08
1608.18	-5.52665e-08
1609.09	-5.51994e-08
1610	-5.51324e-08
1610.91	-5.50654e-08
1611.82	-5.49985e-08
1612.73	-5.49316e-08
1613.64	-5.4865e-08
1614.55	-5.47984e-08
1615.45	-5.47318e-08
1616.36	-5.46654e-08
1617.27	-5.45989e-08
1618.18	-5.45326e-08
1619.09	-5.44664e-08
1620	-5.44003e-08
1620.91	-5.43342e-08
1621.82	-5.42684e-08
1622.73	-5.42026e-08
1623.64	-5.41367e-08
1624.55	-5.40709e-08
1625.45	-5.40054e-08
1626.36	-5.39398e-08
1627.27	-5.38744e-08
1628.18	-5.38089e-08
1629.09	-5.37436e-08
1630	-5.36784e-08
1630.91	-5.3613e-08
1631.82	-5.3548e-08
1632.73	-5.3483e-08
1633.64	-5.34182e-08
1634.55	-5.33534e-08
1635.45	-5.32886e-08
1636.36	-5.32238e-08
1637.27	-5.31591e-08
1638.18	-5.30946e-08
1639.09	-5.303e-08
1640	-5.29658e-08
1640.91	-5.29015e-08
1641.82	-5.28372e-08
1642.73	-5.27731e-08
1643.64	-5.27091e-08
1644.55	-5.2645e-08
1645.45	-5.25811e-08
1646.36	-5.25173e-08
1647.27	-5.24534e-08
1648.18	-5.23898e-08
1649.09	-5.23262e-08
1650	-5.22625e-08
1650.91	-5.21991e-08
1651.82	-5.21357e-08
1652.73	-5.20724e-08
1653.64	-5.2009e-08
1654.55	-5.19459e-08
1655.45	-5.18828e-08
1656.36	-5.18197e-08
1657.27	-5.17568e-08
1658.18	-5.16939e-08
1659.09	-5.16311e-08
1660	-5.15684e-08
1660.91	-5.15056e-08
1661.82	-5.14383e-08
1662.73	-5.13805e-08
1663.64	-5.13182e-08
1664.55	-5.12557e-08
1665.45	-5.11934e-08
1666.36	-5.11311e-08
1667.27	-5.10706e-08
1668.18	-5.10082e-08
1669.09	-5.0946e-08
1670	-5.08839e-08
1670.91	-5.08218e-08
1671.82	-5.07597e-08
1672.73	-5.06978e-08
1673.64	-5.06359e-08
1674.55	-5.05741e-08
1675.45	-5.05123e-08
1676.36	-5.04507e-08
1677.27	-5.03891e-08
1678.18	-5.03276e-08
1679.09	-5.02661e-08
1680	-5.02048e-08
1680.91	-5.01452e-08
1681.82	-5.00841e-08
1682.73	-5.00231e-08
1683.64	-4.99623e-08
1684.55	-4.99015e-08
1685.45	-4.98408e-08
1686.36	-4.97801e-08
1687.27	-4.97196e-08
1688.18	-4.9659e-08
1689.09	-4.95986e-08
1690	-4.95383e-08
1690.91	-4.94779e-08
1691.82	-4.94177e-08
1692.73	-4.93574e-08
1693.64	-4.92973e-08
1694.55	-4.92373e-08
1695.45	-4.91774e-08
1696.36	-4.91176e-08
1697.27	-4.90578e-08
1698.18	-4.89982e-08
1699.09	-4.89384e-08
1700	-4.88788e-08
1700.91	-4.88193e-08
1701.82	-4.87599e-08
1702.73	-4.87005e-08
1703.64	-4.86413e-08
1704.55	-4.85821e-08
1705.45	-4.8523e-08
1706.36	-4.84639e-08
1707.27	-4.84049e-08
1708.18	-4.8346e-08
1709.09	-4.82871e-08
1710	-4.82282e-08
1710.91	-4.81695e-08
1711.82	-4.8111e-08
1712.73	-4.80523e-08
1713.64	-4.79939e-08
1714.55	-4.79355e-08
1715.45	-4.78771e-08
1716.36	-4.78188e-08
1717.27	-4.77606e-08
1718.18	-4.77023e-08
1719.09	-4.76444e-08
1720	-4.75865e-08
1720.91	-4.75285e-08
1721.82	-4.74707e-08
1722.73	-4.7413e-08
1723.64	-4.73553e-08
1724.55	-4.72978e-08
1725.45	-4.72403e-08
1726.36	-4.71828e-08
1727.27	-4.71254e-08
1728.18	-4.7068e-08
1729.09	-4.70109e-08
1730	-4.69538e-08
1730.91	-4.68967e-08
1731.82	-4.68397e-08
1732.73	-4.67828e-08
1733.64	-4.6726e-08
1734.55	-4.66693e-08
1735.45	-4.66126e-08
1736.36	-4.6556e-08
1737.27	-4.64995e-08
1738.18	-4.6443e-08
1739.09	-4.63867e-08
1740	-4.63304e-08
1740.91	-4.62742e-08
1741.82	-4.62181e-08
1742.73	-4.6162e-08
1743.64	-4.61062e-08
1744.55	-4.60504e-08
1745.45	-4.59947e-08
1746.36	-4.5939e-08
1747.27	-4.58729e-08
1748.18	-4.58278e-08
1749.09	-4.57723e-08
1750	-4.57169e-08
1750.91	-4.56617e-08
1751.82	-4.56065e-08
1752.73	-4.55514e-08
1753.64	-4.54964e-08
1754.55	-4.54415e-08
1755.45	-4.53866e-08
1756.36	-4.53318e-08
1757.27	-4.52771e-08
1758.18	-4.52226e-08
1759.09	-4.5168e-08
1760	-4.51138e-08
1760.91	-4.50595e-08
1761.82	-4.50052e-08
1762.73	-4.49511e-08
1763.64	-4.48971e-08
1764.55	-4.48432e-08
1765.45	-4.47892e-08
1766.36	-4.47355e-08
1767.27	-4.46819e-08
1768.18	-4.46283e-08
1769.09	-4.4575e-08
1770	-4.45219e-08
1770.91	-4.44685e-08
1771.82	-4.44154e-08
1772.73	-4.43624e-08
1773.64	-4.43094e-08
1774.55	-4.42567e-08
1775.45	-4.42041e-08
1776.36	-4.41515e-08
1777.27	-4.4099e-08
1778.18	-4.40466e-08
1779.09	-4.39943e-08
1780	-4.39423e-08
1780.91	-4.38902e-08
1781.82	-4.38382e-08
1782.73	-4.37867e-08
1783.64	-4.37349e-08
1784.55	-4.36834e-08
1785.45	-4.36321e-08
1786.36	-4.35807e-08
1787.27	-4.35297e-08
1788.18	-4.34787e-08
1789.09	-4.34277e-08
1790	-4.33769e-08
1790.91	-4.33263e-08
1791.82	-4.32759e-08
1792.73	-4.32254e-08
1793.64	-4.31751e-08
1794.55	-4.31252e-08
1795.45	-4.30749e-08
1796.36	-4.3025e-08
1797.27	-4.29753e-08
1798.18	-4.29256e-08
1799.09	-4.28761e-08
1800	-4.28267e-08
1800.91	-4.27774e-08
1801.82	-4.27282e-08
1802.73	-4.26792e-08
1803.64	-4.26305e-08
1804.55	-4.25817e-08
1805.45	-4.2533e-08
1806.36	-4.24846e-08
1807.27	-4.24362e-08
1808.18	-4.23879e-08
1809.09	-4.23398e-08
1810	-4.22918e-08
1810.91	-4.2244e-08
1811.82	-4.21963e-08
1812.73	-4.21487e-08
1813.64	-4.21012e-08
1814.55	-4.20538e-08
1815.45	-4.20066e-08
1816.36	-4.19595e-08
1817.27	-4.19126e-08
1818.18	-4.18658e-08
1819.09	-4.18191e-08
1820	-4.17725e-08
1820.91	-4.1726e-08
1821.82	-4.16797e-08
1822.73	-4.1633e-08
1823.64	-4.15875e-08
1824.55	-4.15416e-08
1825.45	-4.14958e-08
1826.36	-4.145e-08
1827.27	-4.14045e-08
1828.18	-4.1359e-08
1829.09	-4.13139e-08
1830	-4.12687e-08
1830.91	-4.12236e-08
1831.82	-4.11787e-08
1832.73	-4.11339e-08
1833.64	-4.10893e-08
1834.55	-4.10447e-08
1835.45	-4.10002e-08
1836.36	-4.09559e-08
1837.27	-4.09117e-08
1838.18	-4.08677e-08
1839.09	-4.08238e-08
1840	-4.07801e-08
1840.91	-4.07364e-08
1841.82	-4.06927e-08
1842.73	-4.06493e-08
1843.64	-4.06061e-08
1844.55	-4.05636e-08
1845.45	-4.05206e-08
1846.36	-4.04775e-08
1847.27	-4.04339e-08
1848.18	-4.03913e-08
1849.09	-4.03488e-08
1850	-4.03063e-08
1850.91	-4.0264e-08
1851.82	-4.02217e-08
1852.73	-4.01796e-08
1853.64	-4.01376e-08
1854.55	-4.00957e-08
1855.45	-4.0054e-08
1856.36	-4.00123e-08
1857.27	-3.99708e-08
1858.18	-3.99294e-08
1859.09	-3.98882e-08
1860	-3.9847e-08
1860.91	-3.98059e-08
1861.82	-3.97649e-08
1862.73	-3.97178e-08
1863.64	-3.96834e-08
1864.55	-3.96427e-08
1865.45	-3.96023e-08
1866.36	-3.95619e-08
1867.27	-3.95215e-08
1868.18	-3.94815e-08
1869.09	-3.94414e-08
1870	-3.94014e-08
1870.91	-3.93616e-08
1871.82	-3.93218e-08
1872.73	-3.92822e-08
1873.64	-3.92427e-08
1874.55	-3.92033e-08
1875.45	-3.91639e-08
1876.36	-3.91248e-08
1877.27	-3.90856e-08
1878.18	-3.90466e-08
1879.09	-3.90075e-08
1880	-3.89687e-08
1880.91	-3.89301e-08
1881.82	-3.88914e-08
1882.73	-3.88529e-08
1883.64	-3.88144e-08
1884.55	-3.87762e-08
1885.45	-3.87379e-08
1886.36	-3.86998e-08
1887.27	-3.86618e-08
1888.18	-3.86238e-08
1889.09	-3.8586e-08
1890	-3.85482e-08
1890.91	-3.85106e-08
1891.82	-3.8473e-08
1892.73	-3.84356e-08
1893.64	-3.83981e-08
1894.55	-3.83606e-08
1895.45	-3.83235e-08
1896.36	-3.82865e-08
1897.27	-3.82493e-08
1898.18	-3.82124e-08
1899.09	-3.81755e-08
1900	-3.81387e-08
1900.91	-3.8102e-08
1901.82	-3.80654e-08
1902.73	-3.80289e-08
1903.64	-3.79923e-08
1904.55	-3.7956e-08
1905.45	-3.79197e-08
1906.36	-3.78835e-08
1907.27	-3.78476e-08
1908.18	-3.78113e-08
1909.09	-3.77753e-08
1910	-3.77394e-08
1910.91	-3.77034e-08
1911.82	-3.76675e-08
1912.73	-3.76319e-08
1913.64	-3.75965e-08
1914.55	-3.75607e-08
1915.45	-3.75251e-08
1916.36	-3.75001e-08
1917.27	-3.7454e-08
1918.18	-3.74186e-08
1919.09	-3.73833e-08
1920	-3.73481e-08
1920.91	-3.7313e-08
1921.82	-3.72779e-08
1922.73	-3.72411e-08
1923.64	-3.72063e-08
1924.55	-3.71729e-08
1925.45	-3.71375e-08
1926.36	-3.71032e-08
1927.27	-3.70684e-08
1928.18	-3.70336e-08
1929.09	-3.69989e-08
1930	-3.69642e-08
1930.91	-3.69297e-08
1931.82	-3.68951e-08
1932.73	-3.68606e-08
1933.64	-3.68261e-08
1934.55	-3.67916e-08
1935.45	-3.67572e-08
1936.36	-3.67228e-08
1937.27	-3.66885e-08
1938.18	-3.66541e-08
1939.09	-3.66199e-08
1940	-3.65856e-08
1940.91	-3.65515e-08
1941.82	-3.65174e-08
1942.73	-3.64832e-08
1943.64	-3.64491e-08
1944.55	-3.64149e-08
1945.45	-3.63808e-08
1946.36	-3.63467e-08
1947.27	-3.63126e-08
1948.18	-3.62783e-08
1949.09	-3.62443e-08
1950	-3.62102e-08
1950.91	-3.61763e-08
1951.82	-3.61424e-08
1952.73	-3.61084e-08
1953.64	-3.60744e-08
1954.55	-3.60405e-08
1955.45	-3.60066e-08
1956.36	-3.59726e-08
1957.27	-3.59387e-08
1958.18	-3.59048e-08
1959.09	-3.58707e-08
1960	-3.58368e-08
1960.91	-3.58027e-08
1961.82	-3.57688e-08
1962.73	-3.57343e-08
1963.64	-3.57001e-08
1964.55	-3.56661e-08
1965.45	-3.5632e-08
1966.36	-3.55978e-08
1967.27	-3.55636e-08
1968.18	-3.55294e-08
1969.09	-3.54951e-08
1970	-3.54608e-08
1970.91	-3.54265e-08
1971.82	-3.53921e-08
1972.73	-3.53577e-08
1973.64	-3.53231e-08
1974.55	-3.52886e-08
1975.45	-3.5254e-08
1976.36	-3.52188e-08
1977.27	-3.51845e-08
1978.18	-3.51496e-08
1979.09	-3.51148e-08
1980	-3.50797e-08
1980.91	-3.50447e-08
1981.82	-3.50095e-08
1982.73	-3.49744e-08
1983.64	-3.4939e-08
1984.55	-3.4903e-08
1985.45	-3.48674e-08
1986.36	-3.48316e-08
1987.27	-3.47958e-08
1988.18	-3.47598e-08
1989.09	-3.47237e-08
1990	-3.46876e-08
1990.91	-3.46521e-08
1991.82	-3.46148e-08
1992.73	-3.45782e-08
1993.64	-3.45415e-08
1994.55	-3.45047e-08
1995.45	-3.44676e-08
1996.36	-3.44305e-08
1997.27	-3.43932e-08
1998.18	-3.43558e-08
1999.09	-3.43179e-08
2000	-3.42805e-08
2000.91	-3.42427e-08
2001.82	-3.42046e-08
2002.73	-3.41665e-08
2003.64	-3.41211e-08
2004.55	-3.40897e-08
2005.45	-3.4051e-08
2006.36	-3.40121e-08
2007.27	-3.3973e-08
2008.18	-3.39338e-08
2009.09	-3.38944e-08
2010	-3.38548e-08
2010.91	-3.3815e-08
2011.82	-3.37751e-08
2012.73	-3.3735e-08
2013.64	-3.36947e-08
2014.55	-3.36542e-08
2015.45	-3.36135e-08
2016.36	-3.35727e-08
2017.27	-3.35316e-08
2018.18	-3.34904e-08
2019.09	-3.34491e-08
2020	-3.34075e-08
2020.91	-3.33657e-08
2021.82	-3.33237e-08
2022.73	-3.32816e-08
2023.64	-3.32392e-08
2024.55	-3.31967e-08
2025.45	-3.31539e-08
2026.36	-3.3111e-08
2027.27	-3.3068e-08
2028.18	-3.30247e-08
2029.09	-3.29812e-08
2030	-3.29376e-08
2030.91	-3.28937e-08
2031.82	-3.28479e-08
2032.73	-3.28054e-08
2033.64	-3.2761e-08
2034.55	-3.27164e-08
2035.45	-3.26717e-08
2036.36	-3.26267e-08
2037.27	-3.25815e-08
2038.18	-3.25361e-08
2039.09	-3.24906e-08
2040	-3.24449e-08
2040.91	-3.23989e-08
2041.82	-3.23528e-08
2042.73	-3.23066e-08
2043.64	-3.226e-08
2044.55	-3.22134e-08
2045.45	-3.21664e-08
2046.36	-3.21195e-08
2047.27	-3.20722e-08
2048.18	-3.20247e-08
2049.09	-3.1977e-08
2050	-3.19292e-08
2050.91	-3.18812e-08
2051.82	-3.1833e-08
2052.73	-3.17846e-08
2053.64	-3.1736e-08
2054.55	-3.16873e-08
2055.45	-3.16383e-08
2056.36	-3.1589e-08
2057.27	-3.15396e-08
2058.18	-3.14902e-08
2059.09	-3.14404e-08
2060	-3.13905e-08
2060.91	-3.13404e-08
2061.82	-3.12901e-08
2062.73	-3.12396e-08
2063.64	-3.1189e-08
2064.55	-3.11381e-08
2065.45	-3.1087e-08
2066.36	-3.10358e-08
2067.27	-3.09843e-08
2068.18	-3.09328e-08
2069.09	-3.0881e-08
2070	-3.0829e-08
2070.91	-3.07768e-08
2071.82	-3.07246e-08
2072.73	-3.0672e-08
2073.64	-3.06194e-08
2074.55	-3.05665e-08
2075.45	-3.05134e-08
2076.36	-3.04602e-08
2077.27	-3.04068e-08
2078.18	-3.03532e-08
2079.09	-3.02995e-08
2080	-3.02456e-08
2080.91	-3.01915e-08
2081.82	-3.01372e-08
2082.73	-3.00827e-08
2083.64	-3.00282e-08
2084.55	-2.99735e-08
2085.45	-2.99185e-08
2086.36	-2.98634e-08
2087.27	-2.98082e-08
2088.18	-2.9748e-08
2089.09	-2.96922e-08
2090	-2.96414e-08
2090.91	-2.95855e-08
2091.82	-2.95295e-08
2092.73	-2.94733e-08
2093.64	-2.94169e-08
2094.55	-2.93603e-08
2095.45	-2.93037e-08
2096.36	-2.92469e-08
2097.27	-2.91899e-08
2098.18	-2.91328e-08
2099.09	-2.90753e-08
2100	-2.90178e-08
2100.91	-2.89602e-08
2101.82	-2.89025e-08
2102.73	-2.88446e-08
2103.64	-2.87865e-08
2104.55	-2.87285e-08
2105.45	-2.86705e-08
2106.36	-2.86121e-08
2107.27	-2.85536e-08
2108.18	-2.8495e-08
2109.09	-2.84362e-08
2110	-2.83772e-08
2110.91	-2.83182e-08
2111.82	-2.8259e-08
2112.73	-2.81997e-08
2113.64	-2.81403e-08
2114.55	-2.80808e-08
2115.45	-2.80212e-08
2116.36	-2.79614e-08
2117.27	-2.79015e-08
2118.18	-2.78415e-08
2119.09	-2.77814e-08
2120	-2.77212e-08
2120.91	-2.76609e-08
2121.82	-2.76005e-08
2122.73	-2.75399e-08
2123.64	-2.74793e-08
2124.55	-2.74186e-08
2125.45	-2.73577e-08
2126.36	-2.7297e-08
2127.27	-2.72359e-08
2128.18	-2.71748e-08
2129.09	-2.71137e-08
2130	-2.70525e-08
2130.91	-2.69911e-08
2131.82	-2.69297e-08
2132.73	-2.68682e-08
2133.64	-2.68066e-08
2134.55	-2.6745e-08
2135.45	-2.66835e-08
2136.36	-2.66215e-08
2137.27	-2.65597e-08
2138.18	-2.64978e-08
2139.09	-2.64358e-08
2140	-2.63738e-08
2140.91	-2.63117e-08
2141.82	-2.62496e-08
2142.73	-2.61874e-08
2143.64	-2.61252e-08
2144.55	-2.6063e-08
2145.45	-2.60007e-08
2146.36	-2.59384e-08
2147.27	-2.58757e-08
2148.18	-2.58133e-08
2149.09	-2.57506e-08
2150	-2.56887e-08
2150.91	-2.56262e-08
2151.82	-2.55637e-08
2152.73	-2.55011e-08
2153.64	-2.54386e-08
2154.55	-2.5376e-08
2155.45	-2.53136e-08
2156.36	-2.52511e-08
2157.27	-2.51885e-08
2158.18	-2.51259e-08
2159.09	-2.50634e-08
2160	-2.50009e-08
2160.91	-2.49384e-08
2161.82	-2.48759e-08
2162.73	-2.48134e-08
2163.64	-2.4751e-08
2164.55	-2.46885e-08
2165.45	-2.46262e-08
2166.36	-2.45637e-08
2167.27	-2.45015e-08
2168.18	-2.44392e-08
2169.09	-2.4377e-08
2170	-2.43143e-08
2170.91	-2.42528e-08
2171.82	-2.41907e-08
2172.73	-2.41288e-08
2173.64	-2.40647e-08
2174.55	-2.40049e-08
2175.45	-2.39432e-08
2176.36	-2.38815e-08
2177.27	-2.38199e-08
2178.18	-2.37584e-08
2179.09	-2.37003e-08
2180	-2.36356e-08
2180.91	-2.35743e-08
2181.82	-2.35132e-08
2182.73	-2.34523e-08
2183.64	-2.33915e-08
2184.55	-2.33307e-08
2185.45	-2.32701e-08
2186.36	-2.32096e-08
2187.27	-2.31493e-08
2188.18	-2.30891e-08
2189.09	-2.3029e-08
2190	-2.29691e-08
2190.91	-2.29094e-08
2191.82	-2.28498e-08
2192.73	-2.27906e-08
2193.64	-2.27314e-08
2194.55	-2.26723e-08
2195.45	-2.26135e-08
2196.36	-2.25549e-08
2197.27	-2.24965e-08
2198.18	-2.24382e-08
2199.09	-2.23804e-08
2200	-2.23227e-08
2200.91	-2.22651e-08
2201.82	-2.2208e-08
2202.73	-2.21509e-08
2203.64	-2.20942e-08
2204.55	-2.20377e-08
2205.45	-2.19816e-08
2206.36	-2.19256e-08
2207.27	-2.18701e-08
2208.18	-2.18147e-08
2209.09	-2.17599e-08
2210	-2.17053e-08
2210.91	-2.1651e-08
2211.82	-2.15971e-08
2212.73	-2.15435e-08
2213.64	-2.14904e-08
2214.55	-2.14378e-08
2215.45	-2.13855e-08
2216.36	-2.13336e-08
2217.27	-2.12821e-08
2218.18	-2.12312e-08
2219.09	-2.11807e-08
2220	-2.11307e-08
2220.91	-2.10812e-08
2221.82	-2.10322e-08
2222.73	-2.09837e-08
2223.64	-2.09362e-08
2224.55	-2.08886e-08
2225.45	-2.08415e-08
2226.36	-2.0795e-08
2227.27	-2.07491e-08
2228.18	-2.07038e-08
2229.09	-2.06593e-08
2230	-2.06151e-08
2230.91	-2.05715e-08
2231.82	-2.05284e-08
2232.73	-2.0486e-08
2233.64	-2.04442e-08
2234.55	-2.04028e-08
2235.45	-2.03622e-08
2236.36	-2.03221e-08
2237.27	-2.02826e-08
2238.18	-2.02437e-08
2239.09	-2.02054e-08
2240	-2.01677e-08
2240.91	-2.01307e-08
2241.82	-2.00943e-08
2242.73	-2.00585e-08
2243.64	-2.00233e-08
2244.55	-1.99888e-08
2245.45	-1.99551e-08
2246.36	-1.99216e-08
2247.27	-1.9889e-08
2248.18	-1.9857e-08
2249.09	-1.98257e-08
2250	-1.9795e-08
2250.91	-1.97649e-08
2251.82	-1.97355e-08
2252.73	-1.97067e-08
2253.64	-1.96786e-08
2254.55	-1.96513e-08
2255.45	-1.96245e-08
2256.36	-1.95923e-08
2257.27	-1.95729e-08
2258.18	-1.95482e-08
2259.09	-1.9524e-08
2260	-1.95007e-08
2260.91	-1.94779e-08
2261.82	-1.94558e-08
2262.73	-1.94343e-08
2263.64	-1.94136e-08
2264.55	-1.93934e-08
2265.45	-1.9374e-08
2266.36	-1.93553e-08
2267.27	-1.93373e-08
2268.18	-1.932e-08
2269.09	-1.93032e-08
2270	-1.92871e-08
2270.91	-1.92718e-08
2271.82	-1.92572e-08
2272.73	-1.92432e-08
2273.64	-1.92298e-08
2274.55	-1.92172e-08
2275.45	-1.92053e-08
2276.36	-1.9194e-08
2277.27	-1.91835e-08
2278.18	-1.91736e-08
2279.09	-1.91643e-08
2280	-1.91557e-08
2280.91	-1.91479e-08
2281.82	-1.91406e-08
2282.73	-1.91341e-08
2283.64	-1.91283e-08
2284.55	-1.91231e-08
2285.45	-1.91187e-08
2286.36	-1.91148e-08
2287.27	-1.91117e-08
2288.18	-1.91091e-08
2289.09	-1.91074e-08
2290	-1.91063e-08
2290.91	-1.91058e-08
2291.82	-1.91061e-08
2292.73	-1.91069e-08
2293.64	-1.91086e-08
2294.55	-1.91107e-08
2295.45	-1.91137e-08
2296.36	-1.91172e-08
2297.27	-1.91213e-08
2298.18	-1.91262e-08
2299.09	-1.91317e-08
2300	-1.91378e-08
2300.91	-1.91447e-08
2301.82	-1.91521e-08
2302.73	-1.91602e-08
2303.64	-1.91689e-08
2304.55	-1.91783e-08
2305.45	-1.91884e-08
2306.36	-1.91991e-08
2307.27	-1.92105e-08
2308.18	-1.92226e-08
2309.09	-1.92351e-08
2310	-1.92483e-08
2310.91	-1.92811e-08
2311.82	-1.92767e-08
2312.73	-1.92918e-08
2313.64	-1.93076e-08
2314.55	-1.9324e-08
2315.45	-1.9341e-08
2316.36	-1.93585e-08
2317.27	-1.93768e-08
2318.18	-1.93955e-08
2319.09	-1.94149e-08
2320	-1.94349e-08
2320.91	-1.94556e-08
2321.82	-1.94768e-08
2322.73	-1.94985e-08
2323.64	-1.95209e-08
2324.55	-1.95439e-08
2325.45	-1.95675e-08
2326.36	-1.95916e-08
2327.27	-1.96163e-08
2328.18	-1.96416e-08
2329.09	-1.96675e-08
2330	-1.96939e-08
2330.91	-1.97207e-08
2331.82	-1.97484e-08
2332.73	-1.97763e-08
2333.64	-1.98049e-08
2334.55	-1.98342e-08
2335.45	-1.98639e-08
2336.36	-1.98941e-08
2337.27	-1.9925e-08
2338.18	-1.99563e-08
2339.09	-1.99882e-08
2340	-2.00206e-08
2340.91	-2.00535e-08
2341.82	-2.00869e-08
2342.73	-2.01208e-08
2343.64	-2.01552e-08
2344.55	-2.01901e-08
2345.45	-2.02254e-08
2346.36	-2.02611e-08
2347.27	-2.02974e-08
2348.18	-2.03345e-08
2349.09	-2.03717e-08
2350	-2.04094e-08
2350.91	-2.04476e-08
2351.82	-2.04863e-08
2352.73	-2.05254e-08
2353.64	-2.05649e-08
2354.55	-2.06048e-08
2355.45	-2.06452e-08
2356.36	-2.06871e-08
2357.27	-2.0729e-08
2358.18	-2.07712e-08
2359.09	-2.0814e-08
2360	-2.08571e-08
2360.91	-2.09006e-08
2361.82	-2.09445e-08
2362.73	-2.09887e-08
2363.64	-2.10334e-08
2364.55	-2.10784e-08
2365.45	-2.11237e-08
2366.36	-2.11624e-08
2367.27	-2.1208e-08
2368.18	-2.1254e-08
2369.09	-2.13004e-08
2370	-2.12306e-08
2370.91	-2.13942e-08
2371.82	-2.14415e-08
2372.73	-2.14894e-08
2373.64	-2.15374e-08
2374.55	-2.15857e-08
2375.45	-2.16344e-08
2376.36	-2.16832e-08
2377.27	-2.17325e-08
2378.18	-2.17819e-08
2379.09	-2.18316e-08
2380	-2.18815e-08
2380.91	-2.19319e-08
2381.82	-2.19824e-08
2382.73	-2.20331e-08
2383.64	-2.2084e-08
2384.55	-2.21347e-08
2385.45	-2.2186e-08
2386.36	-2.22376e-08
2387.27	-2.22895e-08
2388.18	-2.23414e-08
2389.09	-2.23936e-08
2390	-2.2446e-08
2390.91	-2.24986e-08
2391.82	-2.25513e-08
2392.73	-2.26042e-08
2393.64	-2.26572e-08
2394.55	-2.27103e-08
2395.45	-2.27636e-08
2396.36	-2.2817e-08
2397.27	-2.28705e-08
2398.18	-2.29242e-08
2399.09	-2.29779e-08
2400	-2.30317e-08
2400.91	-2.30856e-08
2401.82	-2.31395e-08
2402.73	-2.31935e-08
2403.64	-2.32475e-08
2404.55	-2.33017e-08
2405.45	-2.33558e-08
2406.36	-2.341e-08
2407.27	-2.34642e-08
2408.18	-2.35184e-08
2409.09	-2.35726e-08
2410	-2.36267e-08
2410.91	-2.36808e-08
2411.82	-2.37349e-08
2412.73	-2.37889e-08
2413.64	-2.38429e-08
2414.55	-2.38964e-08
2415.45	-2.39504e-08
2416.36	-2.40045e-08
2417.27	-2.40583e-08
2418.18	-2.41118e-08
2419.09	-2.41653e-08
2420	-2.42179e-08
2420.91	-2.4271e-08
2421.82	-2.43239e-08
2422.73	-2.43766e-08
2423.64	-2.44292e-08
2424.55	-2.44816e-08
2425.45	-2.45337e-08
2426.36	-2.45856e-08
2427.27	-2.46372e-08
2428.18	-2.46887e-08
2429.09	-2.47398e-08
2430	-2.47907e-08
2430.91	-2.48414e-08
2431.82	-2.48916e-08
2432.73	-2.49416e-08
2433.64	-2.49912e-08
2434.55	-2.50405e-08
2435.45	-2.50894e-08
2436.36	-2.5138e-08
2437.27	-2.51861e-08
2438.18	-2.52339e-08
2439.09	-2.52812e-08
2440	-2.53281e-08
2440.91	-2.53747e-08
2441.82	-2.54207e-08
2442.73	-2.54663e-08
2443.64	-2.55113e-08
2444.55	-2.55559e-08
2445.45	-2.55999e-08
2446.36	-2.56434e-08
2447.27	-2.56862e-08
2448.18	-2.57286e-08
2449.09	-2.57703e-08
2450	-2.58113e-08
2450.91	-2.58517e-08
2451.82	-2.58915e-08
2452.73	-2.59307e-08
2453.64	-2.5969e-08
2454.55	-2.60067e-08
2455.45	-2.60437e-08
2456.36	-2.608e-08
2457.27	-2.61155e-08
2458.18	-2.61505e-08
2459.09	-2.61838e-08
2460	-2.62167e-08
2460.91	-2.62488e-08
2461.82	-2.62799e-08
2462.73	-2.63102e-08
2463.64	-2.63396e-08
2464.55	-2.6368e-08
2465.45	-2.63954e-08
2466.36	-2.64222e-08
2467.27	-2.64472e-08
2468.18	-2.64711e-08
2469.09	-2.64942e-08
2470	-2.6516e-08
2470.91	-2.65367e-08
2471.82	-2.6556e-08
2472.73	-2.65742e-08
2473.64	-2.65909e-08
2474.55	-2.66063e-08
2475.45	-2.66201e-08
2476.36	-2.66325e-08
2477.27	-2.66434e-08
2478.18	-2.67345e-08
2479.09	-2.66605e-08
2480	-2.66667e-08
2480.91	-2.66711e-08
2481.82	-2.6674e-08
2482.73	-2.66752e-08
2483.64	-2.67341e-08
2484.55	-2.66722e-08
2485.45	-2.66682e-08
2486.36	-2.66624e-08
2487.27	-2.66548e-08
2488.18	-2.66454e-08
2489.09	-2.66342e-08
2490	-2.6621e-08
2490.91	-2.66061e-08
2491.82	-2.65891e-08
2492.73	-2.657e-08
2493.64	-2.65497e-08
2494.55	-2.6527e-08
2495.45	-2.65025e-08
2496.36	-2.64759e-08
2497.27	-2.64472e-08
2498.18	-2.64166e-08
2499.09	-2.63842e-08
2500	-2.63495e-08
2500.91	-2.63128e-08
2501.82	-2.62743e-08
2502.73	-2.62336e-08
2503.64	-2.61908e-08
2504.55	-2.6146e-08
2505.45	-2.6099e-08
2506.36	-2.60499e-08
2507.27	-2.59987e-08
2508.18	-2.59454e-08
2509.09	-2.589e-08
2510	-2.58324e-08
2510.91	-2.57725e-08
2511.82	-2.57106e-08
2512.73	-2.56465e-08
2513.64	-2.55802e-08
2514.55	-2.55117e-08
2515.45	-2.5441e-08
2516.36	-2.53682e-08
2517.27	-2.52931e-08
2518.18	-2.52157e-08
2519.09	-2.51364e-08
2520	-2.50556e-08
2520.91	-2.49705e-08
2521.82	-2.48842e-08
2522.73	-2.47957e-08
2523.64	-2.4705e-08
2524.55	-2.46121e-08
2525.45	-2.45167e-08
2526.36	-2.4419e-08
2527.27	-2.43192e-08
2528.18	-2.4217e-08
2529.09	-2.41126e-08
2530	-2.40058e-08
2530.91	-2.38968e-08
2531.82	-2.37852e-08
2532.73	-2.36717e-08
2533.64	-2.3556e-08
2534.55	-2.34378e-08
2535.45	-2.33172e-08
2536.36	-2.31944e-08
2537.27	-2.30692e-08
2538.18	-2.29418e-08
2539.09	-2.28119e-08
2540	-2.26797e-08
2540.91	-2.25452e-08
2541.82	-2.24084e-08
2542.73	-2.22693e-08
2543.64	-2.21278e-08
2544.55	-2.19839e-08
2545.45	-2.18379e-08
2546.36	-2.16894e-08
2547.27	-2.15386e-08
2548.18	-2.13855e-08
2549.09	-2.123e-08
2550	-2.10722e-08
2550.91	-2.0912e-08
2551.82	-2.07495e-08
2552.73	-2.05847e-08
2553.64	-2.04177e-08
2554.55	-2.0248e-08
2555.45	-2.00762e-08
2556.36	-1.99021e-08
2557.27	-1.97256e-08
2558.18	-1.95469e-08
2559.09	-1.93657e-08
2560	-1.91822e-08
2560.91	-1.89964e-08
2561.82	-1.88082e-08
2562.73	-1.86178e-08
2563.64	-1.8425e-08
2564.55	-1.82299e-08
2565.45	-1.80325e-08
2566.36	-1.78327e-08
2567.27	-1.76308e-08
2568.18	-1.74264e-08
2569.09	-1.72198e-08
2570	-1.70109e-08
2570.91	-1.67996e-08
2571.82	-1.6586e-08
2572.73	-1.63702e-08
2573.64	-1.61521e-08
2574.55	-1.59317e-08
2575.45	-1.57091e-08
2576.36	-1.54841e-08
2577.27	-1.52569e-08
2578.18	-1.50275e-08
2579.09	-1.47957e-08
2580	-1.45617e-08
2580.91	-1.43255e-08
2581.82	-1.4087e-08
2582.73	-1.38479e-08
2583.64	-1.36032e-08
2584.55	-1.33581e-08
2585.45	-1.31107e-08
2586.36	-1.28611e-08
2587.27	-1.26092e-08
2588.18	-1.23552e-08
2589.09	-1.20989e-08
2590	-1.18404e-08
2590.91	-1.15798e-08
2591.82	-1.1317e-08
2592.73	-1.1052e-08
2593.64	-1.07848e-08
2594.55	-1.05155e-08
2595.45	-1.0244e-08
2596.36	-9.97042e-09
2597.27	-9.69467e-09
2598.18	-9.41678e-09
2599.09	-9.13676e-09
2600	-8.85462e-09
2600.91	-8.57037e-09
2601.82	-8.28408e-09
2602.73	-7.99557e-09
2603.64	-7.70508e-09
2604.55	-7.41248e-09
2605.45	-7.11783e-09
2606.36	-6.82111e-09
2607.27	-6.52233e-09
2608.18	-6.22153e-09
2609.09	-5.91868e-09
2610	-5.61382e-09
2610.91	-5.30694e-09
2611.82	-4.99806e-09
2612.73	-4.68718e-09
2613.64	-4.37431e-09
2614.55	-4.05948e-09
2615.45	-3.74269e-09
2616.36	-3.42393e-09
2617.27	-3.10323e-09
2618.18	-2.7806e-09
2619.09	-2.45604e-09
2620	-2.12957e-09
2620.91	-1.8012e-09
2621.82	-1.47094e-09
2622.73	-1.13879e-09
2623.64	-8.04777e-10
2624.55	-4.68911e-10
2625.45	-1.31194e-10
2626.36	2.08355e-10
2627.27	5.4973e-10
2628.18	8.92914e-10
2629.09	1.2379e-09
2630	1.58467e-09
2630.91	1.93322e-09
2631.82	2.28353e-09
2632.73	2.63558e-09
2633.64	2.98938e-09
2634.55	3.3449e-09
2635.45	3.70213e-09
2636.36	4.06106e-09
2637.27	4.42168e-09
2638.18	4.78396e-09
2639.09	5.14791e-09
2640	5.5135e-09
2640.91	5.88073e-09
2641.82	6.24957e-09
2642.73	6.62001e-09
2643.64	6.99202e-09
2644.55	7.36564e-09
2645.45	7.74082e-09
2646.36	8.11752e-09
2647.27	8.49575e-09
2648.18	8.87553e-09
2649.09	9.2568e-09
2650	9.63954e-09
2650.91	1.00237e-08
2651.82	1.04094e-08
2652.73	1.07965e-08
2653.64	1.11851e-08
2654.55	1.1575e-08
2655.45	1.19663e-08
2656.36	1.23591e-08
2657.27	1.27531e-08
2658.18	1.31486e-08
2659.09	1.35453e-08
2660	1.39433e-08
2660.91	1.43426e-08
2661.82	1.47433e-08
2662.73	1.51452e-08
2663.64	1.55483e-08
2664.55	1.59525e-08
2665.45	1.6358e-08
2666.36	1.67648e-08
2667.27	1.71727e-08
2668.18	1.75818e-08
2669.09	1.7992e-08
2670	1.84032e-08
2670.91	1.88157e-08
2671.82	1.9229e-08
2672.73	1.96436e-08
2673.64	2.0059e-08
2674.55	2.04756e-08
2675.45	2.08932e-08
2676.36	2.13117e-08
2677.27	2.17312e-08
2678.18	2.21517e-08
2679.09	2.2573e-08
2680	2.29953e-08
2680.91	2.34184e-08
2681.82	2.38424e-08
2682.73	2.42672e-08
2683.64	2.46928e-08
2684.55	2.51191e-08
2685.45	2.55463e-08
2686.36	2.59743e-08
2687.27	2.64029e-08
2688.18	2.68322e-08
2689.09	2.72619e-08
2690	2.7693e-08
2690.91	2.81243e-08
2691.82	2.85562e-08
2692.73	2.89887e-08
2693.64	2.94218e-08
2694.55	2.98555e-08
2695.45	3.02896e-08
2696.36	3.07242e-08
2697.27	3.11592e-08
2698.18	3.15948e-08
2699.09	3.20307e-08
2700	3.24671e-08
2700.91	3.29039e-08
2701.82	3.33409e-08
2702.73	3.37783e-08
2703.64	3.42159e-08
2704.55	3.46538e-08
2705.45	3.5092e-08
2706.36	3.55303e-08
2707.27	3.59689e-08
2708.18	3.64075e-08
2709.09	3.68464e-08
2710	3.72853e-08
2710.91	3.77242e-08
2711.82	3.81631e-08
2712.73	3.86024e-08
2713.64	3.90414e-08
2714.55	3.94804e-08
2715.45	3.99193e-08
2716.36	4.03581e-08
2717.27	4.07966e-08
2718.18	4.12351e-08
2719.09	4.16734e-08
2720	4.21114e-08
2720.91	4.25492e-08
2721.82	4.29868e-08
2722.73	4.34239e-08
2723.64	4.38606e-08
2724.55	4.42971e-08
2725.45	4.47329e-08
2726.36	4.51685e-08
2727.27	4.56034e-08
2728.18	4.60378e-08
2729.09	4.64718e-08
2730	4.69052e-08
2730.91	4.73379e-08
2731.82	4.77697e-08
2732.73	4.8201e-08
2733.64	4.86315e-08
2734.55	4.90601e-08
2735.45	4.949e-08
2736.36	4.9918e-08
2737.27	5.03451e-08
2738.18	5.07711e-08
2739.09	5.11963e-08
2740	5.16204e-08
2740.91	5.20433e-08
2741.82	5.24652e-08
2742.73	5.28859e-08
2743.64	5.33054e-08
2744.55	5.37239e-08
2745.45	5.41404e-08
2746.36	5.45559e-08
2747.27	5.49707e-08
2748.18	5.53828e-08
2749.09	5.5794e-08
2750	5.62035e-08
2750.91	5.66115e-08
2751.82	5.70178e-08
2752.73	5.74223e-08
2753.64	5.78251e-08
2754.55	5.82261e-08
2755.45	5.86252e-08
2756.36	5.90223e-08
2757.27	5.94172e-08
2758.18	5.98102e-08
2759.09	6.02009e-08
2760	6.05894e-08
2760.91	6.09752e-08
2761.82	6.13593e-08
2762.73	6.17404e-08
2763.64	6.21191e-08
2764.55	6.24943e-08
2765.45	6.28672e-08
2766.36	6.32371e-08
2767.27	6.36039e-08
2768.18	6.39676e-08
2769.09	6.43281e-08
2770	6.46855e-08
2770.91	6.5039e-08
2771.82	6.53902e-08
2772.73	6.57375e-08
2773.64	6.60813e-08
2774.55	6.64217e-08
2775.45	6.67586e-08
2776.36	6.70917e-08
2777.27	6.74213e-08
2778.18	6.7747e-08
2779.09	6.80689e-08
2780	6.83872e-08
2780.91	6.87018e-08
2781.82	6.90123e-08
2782.73	6.93189e-08
2783.64	6.96216e-08
2784.55	6.99204e-08
2785.45	7.0215e-08
2786.36	7.05056e-08
2787.27	7.07922e-08
2788.18	7.10746e-08
2789.09	7.13527e-08
2790	7.16267e-08
2790.91	7.18964e-08
2791.82	7.21619e-08
2792.73	7.24229e-08
2793.64	7.26798e-08
2794.55	7.29321e-08
2795.45	7.31801e-08
2796.36	7.34235e-08
2797.27	7.36625e-08
2798.18	7.3897e-08
2799.09	7.41271e-08
2800	7.43527e-08
2800.91	7.45736e-08
2801.82	7.479e-08
2802.73	7.50017e-08
2803.64	7.52086e-08
2804.55	7.54111e-08
2805.45	7.56088e-08
2806.36	7.58018e-08
2807.27	7.59899e-08
2808.18	7.61733e-08
2809.09	7.6352e-08
2810	7.65259e-08
2810.91	7.66949e-08
2811.82	7.68589e-08
2812.73	7.70182e-08
2813.64	7.71725e-08
2814.55	7.7322e-08
2815.45	7.74664e-08
2816.36	7.76066e-08
2817.27	7.77403e-08
2818.18	7.78697e-08
2819.09	7.79944e-08
2820	7.81139e-08
2820.91	7.82284e-08
2821.82	7.83378e-08
2822.73	7.84421e-08
2823.64	7.85418e-08
2824.55	7.86359e-08
2825.45	7.87249e-08
2826.36	7.88084e-08
2827.27	7.8887e-08
2828.18	7.89604e-08
2829.09	7.90287e-08
2830	7.90917e-08
2830.91	7.91496e-08
2831.82	7.92023e-08
2832.73	7.92496e-08
2833.64	7.92916e-08
2834.55	7.93291e-08
2835.45	7.93607e-08
2836.36	7.93866e-08
2837.27	7.94075e-08
2838.18	7.94232e-08
2839.09	7.94338e-08
2840	7.94388e-08
2840.91	7.94386e-08
2841.82	7.9433e-08
2842.73	7.9422e-08
2843.64	7.94057e-08
2844.55	7.9384e-08
2845.45	7.93568e-08
2846.36	7.93244e-08
2847.27	7.92864e-08
2848.18	7.92432e-08
2849.09	7.91945e-08
2850	7.91402e-08
2850.91	7.90807e-08
2851.82	7.90157e-08
2852.73	7.89451e-08
2853.64	7.88692e-08
2854.55	7.87873e-08
2855.45	7.87011e-08
2856.36	7.86086e-08
2857.27	7.85107e-08
2858.18	7.84075e-08
2859.09	7.82987e-08
2860	7.81843e-08
2860.91	7.80648e-08
2861.82	7.79395e-08
2862.73	7.78089e-08
2863.64	7.76724e-08
2864.55	7.75307e-08
2865.45	7.73833e-08
2866.36	7.72305e-08
2867.27	7.70721e-08
2868.18	7.69083e-08
2869.09	7.6739e-08
2870	7.65641e-08
2870.91	7.63838e-08
2871.82	7.61979e-08
2872.73	7.60062e-08
2873.64	7.58092e-08
2874.55	7.56067e-08
2875.45	7.53987e-08
2876.36	7.51851e-08
2877.27	7.49662e-08
2878.18	7.47414e-08
2879.09	7.45112e-08
2880	7.42754e-08
2880.91	7.40341e-08
2881.82	7.37874e-08
2882.73	7.3535e-08
2883.64	7.32772e-08
2884.55	7.30138e-08
2885.45	7.27449e-08
2886.36	7.24705e-08
2887.27	7.21906e-08
2888.18	7.19049e-08
2889.09	7.16138e-08
2890	7.13174e-08
2890.91	7.10153e-08
2891.82	7.07079e-08
2892.73	7.03945e-08
2893.64	7.00761e-08
2894.55	6.97532e-08
2895.45	6.94226e-08
2896.36	6.90876e-08
2897.27	6.87471e-08
2898.18	6.8401e-08
2899.09	6.80495e-08
2900	6.76927e-08
2900.91	6.73303e-08
2901.82	6.69624e-08
2902.73	6.65889e-08
2903.64	6.62102e-08
2904.55	6.5826e-08
2905.45	6.54363e-08
2906.36	6.50409e-08
2907.27	6.46404e-08
2908.18	6.42344e-08
2909.09	6.38232e-08
2910	6.34064e-08
2910.91	6.29842e-08
2911.82	6.25566e-08
2912.73	6.21236e-08
2913.64	6.16853e-08
2914.55	6.12414e-08
2915.45	6.07923e-08
2916.36	6.03379e-08
2917.27	5.98781e-08
2918.18	5.9413e-08
2919.09	5.89425e-08
2920	5.84667e-08
2920.91	5.79856e-08
2921.82	5.74992e-08
2922.73	5.70075e-08
2923.64	5.65105e-08
2924.55	5.60078e-08
2925.45	5.54994e-08
2926.36	5.4988e-08
2927.27	5.44697e-08
2928.18	5.39465e-08
2929.09	5.34181e-08
2930	5.28844e-08
2930.91	5.23455e-08
2931.82	5.18013e-08
2932.73	5.12522e-08
2933.64	5.06978e-08
2934.55	5.01382e-08
2935.45	4.95734e-08
2936.36	4.90034e-08
2937.27	4.84285e-08
2938.18	4.78479e-08
2939.09	4.72632e-08
2940	4.66729e-08
2940.91	4.60776e-08
2941.82	4.54773e-08
2942.73	4.48718e-08
2943.64	4.42613e-08
2944.55	4.36458e-08
2945.45	4.30253e-08
2946.36	4.23998e-08
2947.27	4.17695e-08
2948.18	4.1134e-08
2949.09	4.04937e-08
2950	3.98484e-08
2950.91	3.91983e-08
2951.82	3.85432e-08
2952.73	3.78832e-08
2953.64	3.72184e-08
2954.55	3.65486e-08
2955.45	3.5874e-08
2956.36	3.51947e-08
2957.27	3.45106e-08
2958.18	3.38217e-08
2959.09	3.3128e-08
2960	3.24296e-08
2960.91	3.17263e-08
2961.82	3.10184e-08
2962.73	3.03058e-08
2963.64	2.95885e-08
2964.55	2.88664e-08
2965.45	2.81398e-08
2966.36	2.74086e-08
2967.27	2.66727e-08
2968.18	2.59223e-08
2969.09	2.51872e-08
2970	2.44376e-08
2970.91	2.36832e-08
2971.82	2.29245e-08
2972.73	2.21614e-08
2973.64	2.13937e-08
2974.55	2.06216e-08
2975.45	1.9845e-08
2976.36	1.90639e-08
2977.27	1.82785e-08
2978.18	1.74887e-08
2979.09	1.66945e-08
2980	1.5896e-08
2980.91	1.50931e-08
2981.82	1.4286e-08
2982.73	1.34746e-08
2983.64	1.2659e-08
2984.55	1.1839e-08
2985.45	1.10148e-08
2986.36	1.01865e-08
2987.27	9.35404e-09
2988.18	8.5174e-09
2989.09	7.67663e-09
2990	6.83174e-09
2990.91	5.98278e-09
2991.82	5.12976e-09
2992.73	4.27269e-09
2993.64	3.41164e-09
2994.55	2.54658e-09
2995.45	1.67757e-09
2996.36	8.04613e-10
2997.27	-7.22604e-11
2998.18	-9.53023e-10
2999.09	-1.83766e-09