8.689	1.48E-03
8.736	1.51E-03
8.784	1.54E-03
8.831	1.57E-03
8.879	1.59E-03
8.928	1.61E-03
8.976	1.63E-03
9.025	1.63E-03
9.074	1.62E-03
9.123	1.60E-03
9.173	1.57E-03
9.222	1.53E-03
9.273	1.47E-03
9.323	1.41E-03
9.373	1.33E-03
9.424	1.25E-03
9.476	1.17E-03
9.527	1.08E-03
9.579	9.97E-04
9.631	9.19E-04
9.683	8.48E-04
9.736	7.86E-04
9.788	7.34E-04
9.842	6.93E-04
9.895	6.63E-04
9.949	6.46E-04
10.003	6.38E-04
10.057	6.38E-04
10.112	6.44E-04
10.167	6.50E-04
10.222	6.54E-04
10.277	6.54E-04
10.333	6.48E-04
10.389	6.39E-04
10.446	6.26E-04
10.502	6.13E-04
10.559	6.01E-04
10.617	5.93E-04
10.674	5.95E-04
10.732	6.12E-04
10.791	6.46E-04
10.849	6.92E-04
10.908	7.31E-04
10.967	7.54E-04
11.027	7.73E-04
11.087	8.26E-04
11.147	9.50E-04
11.208	1.10E-03
11.268	1.09E-03
11.33	9.44E-04
11.391	9.37E-04
11.453	8.50E-04
11.515	7.30E-04
11.578	6.54E-04
11.641	6.12E-04
11.704	5.93E-04
11.767	5.60E-04
11.831	5.45E-04
11.895	5.54E-04
11.96	5.56E-04
12.025	5.66E-04
12.09	5.88E-04
12.156	5.75E-04
12.222	5.60E-04
12.288	5.52E-04
12.355	5.95E-04
12.422	5.25E-04
12.49	4.96E-04
12.557	4.46E-04
12.626	4.51E-04
12.694	3.80E-04
12.763	3.49E-04
12.832	2.94E-04
12.902	2.35E-04
12.972	1.84E-04
13.043	1.62E-04
13.113	1.56E-04
13.185	1.08E-04
13.256	4.41E-05
13.328	-3.93E-06
13.4	-4.51E-05
13.473	-8.95E-05
13.546	-1.33E-04
13.62	-1.71E-04
13.694	-2.01E-04
13.768	-2.26E-04
13.843	-2.49E-04
13.918	-2.73E-04
13.994	-2.97E-04
14.07	-3.19E-04
14.146	-3.38E-04
14.223	-3.56E-04
14.3	-3.73E-04
14.378	-3.89E-04
14.456	-4.05E-04
14.534	-4.20E-04
14.613	-4.34E-04
14.693	-4.49E-04
14.772	-4.64E-04
14.853	-4.78E-04
14.933	-4.91E-04
15.014	-5.04E-04
15.096	-5.16E-04
15.178	-5.29E-04
15.26	-5.40E-04
15.343	-5.51E-04
15.426	-5.61E-04
15.51	-5.70E-04
15.594	-5.78E-04
15.679	-5.85E-04
15.764	-5.91E-04
15.85	-5.96E-04
15.936	-6.00E-04
16.022	-6.05E-04
16.109	-6.11E-04
16.197	-6.18E-04
16.285	-6.24E-04
16.373	-6.30E-04
16.462	-6.36E-04
16.552	-6.42E-04
16.641	-6.46E-04
16.732	-6.49E-04
16.823	-6.53E-04
16.914	-6.57E-04
17.006	-6.60E-04
17.098	-6.63E-04
17.191	-6.67E-04
17.284	-6.70E-04
17.378	-6.72E-04
17.473	-6.73E-04
17.567	-6.73E-04
17.663	-6.73E-04
17.759	-6.73E-04
17.855	-6.72E-04
17.952	-6.72E-04
18.05	-6.71E-04
18.148	-6.71E-04
18.246	-6.70E-04
18.345	-6.70E-04
18.445	-6.70E-04
18.545	-6.70E-04
18.646	-6.69E-04
18.747	-6.68E-04
18.849	-6.66E-04
18.951	-6.64E-04
19.054	-6.63E-04
19.157	-6.61E-04
19.262	-6.60E-04
19.366	-6.59E-04
19.471	-6.58E-04
19.577	-6.58E-04
19.683	-6.56E-04
19.79	-6.56E-04
19.898	-6.55E-04
20.006	-6.54E-04
20.114	-6.53E-04
20.224	-6.51E-04
20.333	-6.49E-04
20.444	-6.46E-04
20.555	-6.42E-04
20.666	-6.38E-04
20.779	-6.34E-04
20.891	-6.31E-04
21.005	-6.29E-04
21.119	-6.25E-04
21.234	-6.19E-04
21.349	-6.14E-04
21.465	-6.10E-04
21.581	-6.09E-04
21.699	-6.09E-04
21.816	-6.10E-04
21.935	-6.11E-04
22.054	-6.10E-04
22.174	-6.08E-04
22.294	-6.05E-04
22.415	-6.01E-04
22.537	-5.96E-04
22.659	-5.90E-04
22.782	-5.85E-04
22.906	-5.80E-04
23.03	-5.75E-04
23.155	-5.70E-04
23.281	-5.66E-04
23.407	-5.61E-04
23.535	-5.57E-04
23.662	-5.54E-04
23.791	-5.51E-04
23.92	-5.49E-04
24.05	-5.47E-04
24.181	-5.44E-04
24.312	-5.42E-04
24.444	-5.39E-04
24.577	-5.36E-04
24.71	-5.32E-04
24.844	-5.28E-04
24.979	-5.24E-04
25.115	-5.19E-04
25.251	-5.15E-04
25.388	-5.10E-04
25.526	-5.06E-04
25.665	-5.02E-04
25.804	-4.97E-04
25.944	-4.93E-04
26.085	-4.88E-04
26.227	-4.84E-04
26.369	-4.79E-04
26.512	-4.74E-04
26.656	-4.69E-04
26.801	-4.64E-04
26.946	-4.59E-04
27.093	-4.54E-04
27.24	-4.50E-04
27.388	-4.45E-04
27.537	-4.41E-04
27.686	-4.38E-04
27.836	-4.34E-04
27.988	-4.31E-04
28.139	-4.27E-04
28.292	-4.24E-04
28.446	-4.21E-04
28.6	-4.17E-04
28.756	-4.14E-04
28.912	-4.10E-04
29.069	-4.07E-04
29.227	-4.03E-04
29.385	-3.99E-04
29.545	-3.95E-04
29.705	-3.92E-04
29.867	-3.88E-04
30.029	-3.84E-04
30.192	-3.80E-04
30.356	-3.76E-04
30.521	-3.72E-04
30.686	-3.68E-04
30.853	-3.64E-04
31.02	-3.60E-04
31.189	-3.57E-04
31.358	-3.53E-04
31.529	-3.49E-04
31.7	-3.45E-04
31.872	-3.41E-04
32.045	-3.37E-04
32.219	-3.34E-04
32.394	-3.30E-04
32.57	-3.26E-04
32.747	-3.23E-04
32.924	-3.19E-04
33.103	-3.16E-04
33.283	-3.12E-04
33.464	-3.09E-04
33.645	-3.05E-04
33.828	-3.02E-04
34.012	-2.98E-04
34.196	-2.95E-04
34.382	-2.91E-04
34.569	-2.88E-04
34.757	-2.85E-04
34.945	-2.82E-04
35.135	-2.79E-04
35.326	-2.76E-04
35.518	-2.73E-04
35.71	-2.70E-04
35.904	-2.67E-04
36.099	-2.64E-04
36.295	-2.61E-04
36.492	-2.58E-04
36.691	-2.55E-04
36.89	-2.52E-04
37.09	-2.49E-04
37.291	-2.46E-04
37.494	-2.43E-04
37.698	-2.40E-04
37.902	-2.37E-04
38.108	-2.35E-04
38.315	-2.32E-04
38.523	-2.29E-04
38.732	-2.27E-04
38.943	-2.24E-04
39.154	-2.22E-04
39.367	-2.20E-04
39.58	-2.17E-04
39.795	-2.15E-04
40.011	-2.13E-04
40.229	-2.11E-04
40.447	-2.08E-04
40.667	-2.06E-04
40.887	-2.03E-04
41.109	-2.01E-04
41.333	-1.98E-04
41.557	-1.95E-04
41.783	-1.92E-04
42.01	-1.90E-04
42.238	-1.87E-04
42.467	-1.85E-04
42.698	-1.83E-04
42.93	-1.81E-04
43.163	-1.79E-04
43.397	-1.77E-04
43.633	-1.76E-04
43.87	-1.74E-04
44.108	-1.72E-04
44.347	-1.70E-04
44.588	-1.68E-04
44.83	-1.66E-04
45.074	-1.64E-04
45.318	-1.62E-04
45.564	-1.60E-04
45.812	-1.58E-04
46.061	-1.56E-04
46.311	-1.55E-04
46.562	-1.53E-04
46.815	-1.51E-04
47.069	-1.49E-04
47.325	-1.48E-04
47.582	-1.46E-04
47.84	-1.44E-04
48.1	-1.43E-04
48.361	-1.41E-04
48.624	-1.39E-04
48.888	-1.38E-04
49.153	-1.36E-04
49.42	-1.35E-04
49.688	-1.33E-04
49.958	-1.32E-04
50.229	-1.30E-04
50.502	-1.29E-04
50.776	-1.27E-04
51.052	-1.26E-04
51.329	-1.24E-04
51.608	-1.23E-04
51.888	-1.21E-04
52.17	-1.20E-04
52.453	-1.19E-04
52.738	-1.17E-04
53.024	-1.16E-04
53.312	-1.15E-04
53.602	-1.13E-04
53.893	-1.12E-04
54.186	-1.11E-04
54.48	-1.10E-04
54.776	-1.08E-04
55.073	-1.07E-04
55.372	-1.06E-04
55.673	-1.05E-04
55.975	-1.03E-04
56.279	-1.02E-04
56.585	-1.01E-04
56.892	-9.98E-05
57.201	-9.86E-05
57.511	-9.75E-05
57.824	-9.63E-05
58.138	-9.52E-05
58.453	-9.41E-05
58.771	-9.30E-05
59.09	-9.20E-05
59.411	-9.09E-05
59.733	-8.99E-05
60.058	-8.88E-05
60.384	-8.78E-05
60.712	-8.68E-05
61.041	-8.58E-05
61.373	-8.48E-05
61.706	-8.38E-05
62.041	-8.28E-05
62.378	-8.19E-05
62.717	-8.09E-05
63.057	-8.00E-05
63.399	-7.90E-05
63.744	-7.81E-05
64.09	-7.72E-05
64.438	-7.63E-05
64.788	-7.55E-05
65.14	-7.46E-05
65.493	-7.37E-05
65.849	-7.29E-05
66.206	-7.20E-05
66.566	-7.12E-05
66.927	-7.04E-05
67.291	-6.96E-05
67.656	-6.88E-05
68.023	-6.80E-05
68.393	-6.72E-05
68.764	-6.65E-05
69.138	-6.57E-05
69.513	-6.49E-05
69.89	-6.42E-05
70.27	-6.35E-05
70.652	-6.27E-05
71.035	-6.20E-05
71.421	-6.13E-05
71.809	-6.06E-05
72.199	-5.99E-05
72.591	-5.92E-05
72.985	-5.85E-05
73.381	-5.78E-05
73.78	-5.72E-05
74.18	-5.65E-05
74.583	-5.59E-05
74.988	-5.52E-05
75.395	-5.46E-05
75.804	-5.39E-05
76.216	-5.33E-05
76.63	-5.27E-05
77.046	-5.21E-05
77.464	-5.15E-05
77.885	-5.09E-05
78.308	-5.03E-05
78.733	-4.97E-05
79.161	-4.92E-05
79.59	-4.86E-05
80.023	-4.80E-05
80.457	-4.75E-05
80.894	-4.69E-05
81.333	-4.64E-05
81.775	-4.59E-05
82.219	-4.53E-05
82.665	-4.48E-05
83.114	-4.43E-05
83.566	-4.38E-05
84.019	-4.33E-05
84.476	-4.28E-05
84.934	-4.23E-05
85.395	-4.18E-05
85.859	-4.13E-05
86.325	-4.08E-05
86.794	-4.04E-05
87.265	-3.99E-05
87.739	-3.94E-05
88.216	-3.90E-05
88.695	-3.85E-05
89.176	-3.81E-05
89.66	-3.77E-05
90.147	-3.72E-05
90.637	-3.68E-05
91.129	-3.64E-05
91.624	-3.59E-05
92.121	-3.55E-05
92.621	-3.51E-05
93.124	-3.47E-05
93.63	-3.43E-05
94.138	-3.39E-05
94.65	-3.35E-05
95.163	-3.31E-05
95.68	-3.28E-05
96.2	-3.24E-05
96.722	-3.20E-05
97.247	-3.16E-05
97.775	-3.13E-05
98.306	-3.09E-05
98.84	-3.06E-05
99.377	-3.02E-05
99.916	-2.99E-05
100.459	-2.95E-05
101.004	-2.92E-05
101.553	-2.89E-05
102.104	-2.86E-05
102.659	-2.82E-05
103.216	-2.79E-05
103.777	-2.76E-05
104.34	-2.73E-05
104.907	-2.70E-05
105.476	-2.67E-05
106.049	-2.64E-05
106.625	-2.61E-05
107.204	-2.58E-05
107.786	-2.55E-05
108.371	-2.52E-05
108.96	-2.49E-05
109.551	-2.46E-05
110.146	-2.43E-05
110.744	-2.40E-05
111.345	-2.37E-05
111.95	-2.35E-05
112.558	-2.32E-05
113.169	-2.29E-05
113.784	-2.26E-05
114.401	-2.24E-05
115.023	-2.21E-05
115.647	-2.18E-05
116.275	-2.16E-05
116.906	-2.13E-05
117.541	-2.11E-05
118.18	-2.09E-05
118.821	-2.06E-05
119.466	-2.04E-05
120.115	-2.02E-05
120.767	-1.99E-05
121.423	-1.97E-05
122.082	-1.95E-05
122.745	-1.92E-05
123.412	-1.90E-05
124.082	-1.88E-05
124.756	-1.86E-05
125.433	-1.84E-05
126.114	-1.82E-05
126.799	-1.80E-05
127.487	-1.78E-05
128.18	-1.76E-05
128.876	-1.73E-05
129.575	-1.71E-05
130.279	-1.69E-05
130.986	-1.67E-05
131.698	-1.65E-05
132.413	-1.64E-05
133.132	-1.62E-05
133.855	-1.60E-05
134.581	-1.58E-05
135.312	-1.57E-05
136.047	-1.55E-05
136.786	-1.53E-05
137.528	-1.51E-05
138.275	-1.49E-05
139.026	-1.48E-05
139.781	-1.46E-05
140.54	-1.44E-05
141.303	-1.42E-05
142.07	-1.41E-05
142.842	-1.39E-05
143.617	-1.38E-05
144.397	-1.36E-05
145.181	-1.35E-05
145.97	-1.33E-05
146.762	-1.32E-05
147.559	-1.30E-05
148.36	-1.29E-05
149.166	-1.27E-05
149.976	-1.26E-05
150.79	-1.25E-05
151.609	-1.23E-05
152.432	-1.21E-05
153.26	-1.20E-05
154.092	-1.18E-05
154.929	-1.17E-05
155.77	-1.16E-05
156.616	-1.14E-05
157.466	-1.13E-05
158.321	-1.12E-05
159.181	-1.10E-05
160.045	-1.09E-05
160.914	-1.08E-05
161.788	-1.07E-05
162.667	-1.05E-05
163.55	-1.04E-05
164.438	-1.03E-05
165.331	-1.02E-05
166.228	-1.00E-05
167.131	-9.93E-06
168.039	-9.81E-06
168.951	-9.70E-06
169.868	-9.59E-06
170.791	-9.47E-06
171.718	-9.36E-06
172.651	-9.25E-06
173.588	-9.14E-06
174.531	-9.03E-06
175.478	-8.93E-06
176.431	-8.82E-06
177.389	-8.72E-06
178.352	-8.61E-06
179.321	-8.51E-06
180.294	-8.41E-06
181.273	-8.31E-06
182.258	-8.21E-06
183.247	-8.11E-06
184.242	-8.02E-06
185.243	-7.92E-06
186.249	-7.83E-06
187.26	-7.73E-06
188.277	-7.64E-06
189.299	-7.55E-06
190.327	-7.46E-06
191.36	-7.37E-06
192.399	-7.28E-06
193.444	-7.19E-06
194.495	-7.10E-06
195.551	-7.01E-06
196.612	-6.93E-06
197.68	-6.84E-06
198.753	-6.76E-06
199.833	-6.67E-06
200.918	-6.59E-06
202.009	-6.51E-06
203.106	-6.43E-06
204.208	-6.35E-06
205.317	-6.27E-06
206.432	-6.19E-06
207.553	-6.11E-06
208.68	-6.03E-06
209.813	-5.96E-06
210.952	-5.88E-06
212.098	-5.80E-06
213.25	-5.73E-06
214.407	-5.65E-06
215.572	-5.58E-06
216.742	-5.51E-06
217.919	-5.43E-06
219.102	-5.36E-06
220.292	-5.29E-06
221.488	-5.22E-06
222.691	-5.15E-06
223.9	-5.08E-06
225.116	-5.01E-06
226.338	-4.94E-06
227.567	-4.87E-06
228.803	-4.80E-06
230.045	-4.73E-06
231.294	-4.67E-06
232.55	-4.60E-06
233.813	-4.53E-06
235.083	-4.46E-06
236.359	-4.40E-06
237.642	-4.33E-06
238.933	-4.26E-06
240.23	-4.20E-06
241.535	-4.13E-06
242.846	-4.07E-06
244.165	-4.00E-06
245.491	-3.93E-06
246.824	-3.87E-06
248.164	-3.80E-06
249.511	-3.73E-06
250.866	-3.66E-06
252.228	-3.60E-06
253.598	-3.53E-06
254.975	-3.46E-06
256.359	-3.39E-06
257.751	-3.31E-06
259.151	-3.24E-06
260.558	-3.17E-06
261.973	-3.09E-06
263.395	-3.01E-06
264.826	-2.93E-06
266.264	-2.85E-06
267.709	-2.76E-06
269.163	-2.66E-06
270.624	-2.56E-06
272.094	-2.46E-06
273.571	-2.34E-06
275.057	-2.21E-06
276.55	-2.07E-06
278.052	-1.90E-06
279.562	-1.70E-06
281.08	-1.44E-06
282.606	-1.09E-06
284.141	-5.30E-07
285.683	1.49E-06
287.235	8.05E-07
288.794	-2.21E-06
290.362	-2.64E-06
291.939	-2.50E-06
293.524	-2.62E-06
295.118	-2.65E-06
296.721	-2.67E-06
298.332	-2.69E-06
299.952	-2.74E-06
301.58	-2.83E-06
303.218	-2.92E-06
304.864	-2.96E-06
306.52	-2.95E-06
308.184	-2.94E-06
309.858	-2.95E-06
311.54	-2.96E-06
313.232	-2.96E-06
314.932	-2.95E-06
316.643	-2.95E-06
318.362	-2.95E-06
320.091	-2.94E-06
321.829	-2.93E-06
323.576	-2.92E-06
325.333	-2.89E-06
327.1	-2.87E-06
328.876	-2.85E-06
330.661	-2.82E-06
332.457	-2.79E-06
334.262	-2.77E-06
336.077	-2.74E-06
337.902	-2.71E-06
339.737	-2.67E-06
341.582	-2.65E-06
343.436	-2.63E-06
345.301	-2.64E-06
347.176	-2.57E-06
349.061	-2.64E-06
350.957	-2.72E-06
352.862	-2.62E-06
354.778	-2.58E-06
356.705	-2.55E-06
358.642	-2.52E-06
360.589	-2.50E-06
362.547	-2.48E-06
364.515	-2.45E-06
366.495	-2.43E-06
368.485	-2.41E-06
370.486	-2.39E-06
372.497	-2.37E-06
374.52	-2.35E-06
376.554	-2.33E-06
378.598	-2.30E-06
380.654	-2.28E-06
382.721	-2.26E-06
384.799	-2.24E-06
386.888	-2.22E-06
388.989	-2.20E-06
391.101	-2.18E-06
393.225	-2.16E-06
395.36	-2.14E-06
397.507	-2.12E-06
399.665	-2.10E-06
401.835	-2.08E-06
404.017	-2.07E-06
406.211	-2.05E-06
408.417	-2.03E-06
410.635	-2.01E-06
412.864	-1.99E-06
415.106	-1.97E-06
417.36	-1.95E-06
419.626	-1.93E-06
421.905	-1.92E-06
424.196	-1.90E-06
426.499	-1.88E-06
428.815	-1.86E-06
431.143	-1.84E-06
433.484	-1.83E-06
435.838	-1.81E-06
438.205	-1.79E-06
440.584	-1.77E-06
442.976	-1.76E-06
445.382	-1.74E-06
447.8	-1.72E-06
450.232	-1.71E-06
452.676	-1.69E-06
455.134	-1.67E-06
457.606	-1.66E-06
460.09	-1.64E-06
462.589	-1.62E-06
465.1	-1.61E-06
467.626	-1.59E-06
470.165	-1.58E-06
472.718	-1.56E-06
475.285	-1.54E-06
477.866	-1.53E-06
480.46	-1.51E-06
483.069	-1.50E-06
485.692	-1.48E-06
488.33	-1.47E-06
490.981	-1.45E-06
493.647	-1.44E-06
496.328	-1.42E-06
499.023	-1.41E-06
501.732	-1.40E-06
504.457	-1.38E-06
507.196	-1.37E-06
509.95	-1.35E-06
512.719	-1.34E-06
515.503	-1.33E-06
518.302	-1.31E-06
521.116	-1.30E-06
523.946	-1.29E-06
526.791	-1.27E-06
529.651	-1.26E-06
532.527	-1.25E-06
535.419	-1.23E-06
538.326	-1.22E-06
541.249	-1.21E-06
544.188	-1.20E-06
547.143	-1.18E-06
550.114	-1.17E-06
553.101	-1.16E-06
556.104	-1.15E-06
559.124	-1.13E-06
562.16	-1.12E-06
565.212	-1.11E-06
568.281	-1.10E-06
571.367	-1.09E-06
574.469	-1.08E-06
577.589	-1.07E-06
580.725	-1.05E-06
583.878	-1.04E-06
587.049	-1.03E-06
590.236	-1.02E-06
593.441	-1.01E-06
596.663	-1.00E-06
599.903	-9.89E-07
603.161	-9.79E-07
606.436	-9.69E-07
609.729	-9.58E-07
613.039	-9.48E-07
616.368	-9.38E-07
619.715	-9.28E-07
623.08	-9.19E-07
626.463	-9.09E-07
629.865	-8.99E-07
633.285	-8.90E-07
636.724	-8.80E-07
640.181	-8.71E-07
643.657	-8.62E-07
647.152	-8.53E-07
650.666	-8.44E-07
654.199	-8.35E-07
657.751	-8.26E-07
661.323	-8.17E-07
664.914	-8.08E-07
668.524	-8.00E-07
672.154	-7.91E-07
675.804	-7.83E-07
679.474	-7.74E-07
683.163	-7.66E-07
686.873	-7.58E-07
690.602	-7.50E-07
694.352	-7.42E-07
698.122	-7.34E-07
701.913	-7.26E-07
705.724	-7.18E-07
709.556	-7.10E-07
713.409	-7.03E-07
717.283	-6.95E-07
721.178	-6.88E-07
725.094	-6.80E-07
729.031	-6.73E-07
732.989	-6.66E-07
736.97	-6.59E-07
740.971	-6.52E-07
744.995	-6.45E-07
749.04	-6.38E-07
753.107	-6.31E-07
757.196	-6.24E-07
761.308	-6.17E-07
765.442	-6.11E-07
769.598	-6.04E-07
773.777	-5.98E-07
777.978	-5.91E-07
782.203	-5.85E-07
786.45	-5.79E-07
790.72	-5.72E-07
795.014	-5.66E-07
799.331	-5.60E-07
803.671	-5.54E-07
808.035	-5.48E-07
812.422	-5.42E-07
816.834	-5.36E-07
821.269	-5.30E-07
825.728	-5.25E-07
830.212	-5.19E-07
834.72	-5.13E-07
839.253	-5.08E-07
843.81	-5.02E-07
848.391	-4.97E-07
852.998	-4.92E-07
857.63	-4.86E-07
862.287	-4.81E-07
866.969	-4.76E-07
871.676	-4.71E-07
876.409	-4.66E-07
881.168	-4.60E-07
885.953	-4.56E-07
890.764	-4.51E-07
895.6	-4.46E-07
900.463	-4.41E-07
905.353	-4.36E-07
910.269	-4.31E-07
915.211	-4.27E-07
920.181	-4.22E-07
925.177	-4.17E-07
930.201	-4.13E-07
935.252	-4.08E-07
940.33	-4.04E-07
945.436	-4.00E-07
950.57	-3.95E-07
955.731	-3.91E-07
960.921	-3.87E-07
966.138	-3.83E-07
971.384	-3.78E-07
976.659	-3.74E-07
981.962	-3.70E-07
987.294	-3.66E-07
992.655	-3.62E-07
998.045	-3.58E-07
1003.464	-3.54E-07
1008.913	-3.51E-07
1014.391	-3.47E-07
1019.899	-3.43E-07
1025.437	-3.39E-07
1031.005	-3.36E-07
1036.604	-3.32E-07
1042.232	-3.28E-07
1047.892	-3.25E-07
1053.581	-3.21E-07
1059.302	-3.18E-07
1065.054	-3.14E-07
1070.837	-3.11E-07
1076.652	-3.07E-07
1082.498	-3.04E-07
1088.376	-3.01E-07
1094.286	-2.98E-07
1100.227	-2.94E-07
1106.202	-2.91E-07
1112.208	-2.88E-07
1118.247	-2.85E-07
1124.319	-2.82E-07
1130.424	-2.79E-07
1136.562	-2.76E-07
1142.734	-2.73E-07
1148.939	-2.70E-07
1155.177	-2.67E-07
1161.45	-2.64E-07
1167.756	-2.61E-07
1174.097	-2.58E-07
1180.472	-2.55E-07
1186.882	-2.52E-07
1193.327	-2.50E-07
1199.807	-2.47E-07
1206.321	-2.44E-07
1212.872	-2.42E-07
1219.457	-2.39E-07
1226.079	-2.36E-07
1232.736	-2.34E-07
1239.43	-2.31E-07
1246.16	-2.29E-07
1252.927	-2.26E-07
1259.73	-2.24E-07
1266.57	-2.21E-07
1273.447	-2.19E-07
1280.362	-2.17E-07
1287.314	-2.14E-07
1294.304	-2.12E-07
1301.332	-2.10E-07
1308.398	-2.07E-07
1315.503	-2.05E-07
1322.646	-2.03E-07
1329.828	-2.01E-07
1337.049	-1.98E-07
1344.309	-1.96E-07
1351.608	-1.94E-07
1358.947	-1.92E-07
1366.326	-1.90E-07
1373.745	-1.88E-07
1381.204	-1.86E-07
1388.704	-1.84E-07
1396.245	-1.82E-07
1403.826	-1.80E-07
1411.449	-1.78E-07
1419.113	-1.76E-07
1426.819	-1.74E-07
1434.566	-1.72E-07
1442.356	-1.70E-07
1450.187	-1.68E-07
1458.062	-1.67E-07
1465.979	-1.65E-07
1473.939	-1.63E-07
1481.942	-1.61E-07
1489.989	-1.59E-07
1498.08	-1.58E-07
1506.214	-1.56E-07
1514.393	-1.54E-07
1522.616	-1.53E-07
1530.883	-1.51E-07
1539.196	-1.49E-07
1547.554	-1.48E-07
1555.957	-1.46E-07
1564.405	-1.44E-07
1572.9	-1.43E-07
1581.441	-1.41E-07
1590.028	-1.40E-07
1598.661	-1.38E-07
1607.342	-1.37E-07
1616.07	-1.35E-07
1624.845	-1.34E-07
1633.667	-1.32E-07
1642.538	-1.31E-07
1651.457	-1.29E-07
1660.424	-1.28E-07
1669.44	-1.27E-07
1678.505	-1.25E-07
1687.619	-1.24E-07
1696.783	-1.23E-07
1705.996	-1.21E-07
1715.259	-1.20E-07
1724.573	-1.19E-07
1733.937	-1.17E-07
1743.353	-1.16E-07
1752.819	-1.15E-07
1762.336	-1.14E-07
1771.906	-1.12E-07
1781.527	-1.11E-07
1791.201	-1.10E-07
1800.927	-1.09E-07
1810.705	-1.07E-07
1820.537	-1.06E-07
1830.423	-1.05E-07
1840.362	-1.04E-07
1850.355	-1.03E-07
1860.402	-1.02E-07
1870.504	-1.01E-07
1880.66	-9.96E-08
1890.872	-9.85E-08
1901.139	-9.74E-08
1911.462	-9.63E-08
1921.841	-9.53E-08
1932.277	-9.43E-08
1942.769	-9.32E-08
1953.318	-9.22E-08
1963.924	-9.12E-08
1974.588	-9.02E-08
1985.31	-8.92E-08
1996.09	-8.83E-08
2006.929	-8.73E-08
2017.826	-8.64E-08
2028.783	-8.54E-08
2039.799	-8.45E-08
2050.875	-8.36E-08
2062.011	-8.27E-08
2073.207	-8.18E-08
2084.465	-8.09E-08
2095.783	-8.00E-08
2107.163	-7.91E-08
2118.605	-7.83E-08
2130.108	-7.74E-08
2141.675	-7.66E-08
2153.304	-7.57E-08
2164.996	-7.49E-08
2176.752	-7.41E-08
2188.571	-7.33E-08
2200.455	-7.25E-08
2212.403	-7.17E-08
2224.416	-7.09E-08
2236.495	-7.02E-08
2248.639	-6.94E-08
2260.849	-6.87E-08
2273.125	-6.79E-08
2285.468	-6.72E-08
2297.877	-6.64E-08
2310.355	-6.57E-08
2322.9	-6.50E-08
2335.513	-6.43E-08
2348.194	-6.36E-08
2360.945	-6.29E-08
2373.765	-6.22E-08
2386.654	-6.16E-08
2399.613	-6.09E-08
2412.643	-6.02E-08
2425.743	-5.96E-08
2438.915	-5.89E-08
2452.158	-5.83E-08
2465.473	-5.76E-08
2478.86	-5.70E-08
2492.32	-5.64E-08
2505.853	-5.58E-08
2519.46	-5.52E-08
2533.14	-5.46E-08
2546.895	-5.40E-08
2560.724	-5.34E-08
2574.629	-5.28E-08
2588.609	-5.23E-08
2602.665	-5.17E-08
2616.797	-5.11E-08
2631.006	-5.06E-08
2645.292	-5.00E-08
2659.655	-4.95E-08
2674.097	-4.89E-08
2688.617	-4.84E-08
2703.216	-4.79E-08
2717.894	-4.74E-08
2732.652	-4.69E-08
2747.49	-4.63E-08
2762.409	-4.58E-08
2777.408	-4.53E-08
2792.49	-4.49E-08
2807.652	-4.44E-08
2822.898	-4.39E-08
2838.226	-4.34E-08
2853.637	-4.29E-08
2869.132	-4.25E-08
2884.711	-4.20E-08
2900.375	-4.16E-08
2916.124	-4.11E-08
2931.958	-4.07E-08
2947.878	-4.02E-08
2963.885	-3.98E-08
2979.978	-3.94E-08
2996.159	-3.89E-08
3012.428	-3.85E-08
3028.785	-3.81E-08
3045.231	-3.77E-08
3061.767	-3.73E-08
3078.392	-3.69E-08
3095.107	-3.65E-08
3111.913	-3.61E-08
3128.811	-3.57E-08
3145.8	-3.53E-08
3162.881	-3.49E-08
3180.055	-3.45E-08
3197.323	-3.42E-08
3214.684	-3.38E-08
3232.139	-3.34E-08
3249.689	-3.31E-08
3267.335	-3.27E-08
3285.076	-3.23E-08
3302.914	-3.20E-08
3320.848	-3.16E-08
3338.88	-3.13E-08
3357.01	-3.10E-08
3375.238	-3.06E-08
3393.565	-3.03E-08
3411.992	-3.00E-08
3430.519	-2.96E-08
3449.146	-2.93E-08
3467.875	-2.90E-08
3486.705	-2.87E-08
3505.638	-2.84E-08
3524.673	-2.81E-08
3543.811	-2.78E-08
3563.054	-2.75E-08
3582.401	-2.72E-08
3601.853	-2.69E-08
3621.411	-2.66E-08
3641.075	-2.63E-08
3660.845	-2.60E-08
3680.723	-2.57E-08
3700.709	-2.55E-08
3720.804	-2.52E-08
3741.007	-2.49E-08
3761.321	-2.46E-08
3781.744	-2.44E-08
3802.279	-2.41E-08
3822.925	-2.38E-08
3843.683	-2.36E-08
3864.554	-2.33E-08
3885.538	-2.31E-08
3906.636	-2.28E-08
3927.849	-2.26E-08
3949.177	-2.23E-08
3970.62	-2.21E-08
3992.18	-2.19E-08
4013.857	-2.16E-08
4035.652	-2.14E-08
4057.565	-2.12E-08
4079.598	-2.09E-08
4101.749	-2.07E-08
4124.022	-2.05E-08
4146.415	-2.03E-08
4168.929	-2.00E-08
4191.566	-1.98E-08
4214.326	-1.96E-08
4237.209	-1.94E-08
4260.217	-1.92E-08
4283.349	-1.90E-08
4306.608	-1.88E-08
4329.992	-1.86E-08
4353.503	-1.84E-08
4377.143	-1.82E-08
4400.91	-1.80E-08
4424.806	-1.78E-08
4448.833	-1.76E-08
4472.989	-1.74E-08
4497.277	-1.72E-08
4521.697	-1.70E-08
4546.249	-1.68E-08
4570.935	-1.67E-08
4595.755	-1.65E-08
4620.709	-1.63E-08
4645.799	-1.61E-08
4671.026	-1.59E-08
4696.389	-1.58E-08
4721.89	-1.56E-08
4747.529	-1.54E-08
4773.308	-1.53E-08
4799.226	-1.51E-08
4825.286	-1.49E-08
4851.487	-1.48E-08
4877.83	-1.46E-08
4904.316	-1.45E-08
4930.946	-1.43E-08
4957.72	-1.42E-08
4984.64	-1.40E-08
5011.706	-1.38E-08
5038.919	-1.37E-08
5066.28	-1.35E-08
5093.79	-1.34E-08
5121.448	-1.33E-08
5149.257	-1.31E-08
5177.217	-1.30E-08
5205.329	-1.28E-08
5233.593	-1.27E-08
5262.011	-1.26E-08
5290.584	-1.24E-08
5319.311	-1.23E-08
5348.194	-1.22E-08
5377.234	-1.20E-08
5406.432	-1.19E-08
5435.789	-1.18E-08
5465.304	-1.16E-08
5494.98	-1.15E-08
5524.818	-1.14E-08
5554.817	-1.13E-08
5584.979	-1.11E-08
5615.305	-1.10E-08
5645.795	-1.09E-08
5676.452	-1.08E-08
5707.274	-1.07E-08
5738.264	-1.06E-08
5769.422	-1.04E-08
5800.75	-1.03E-08
5832.247	-1.02E-08
5863.916	-1.01E-08
5895.756	-1.00E-08
5927.77	-9.89E-09
5959.957	-9.78E-09
5992.319	-9.68E-09
6024.856	-9.57E-09
6057.571	-9.47E-09
6090.463	-9.37E-09
6123.533	-9.26E-09
6156.784	-9.16E-09
6190.214	-9.07E-09
6223.827	-8.97E-09
6257.621	-8.87E-09
6291.6	-8.78E-09
6325.762	-8.68E-09
6360.111	-8.59E-09
6394.645	-8.49E-09
6429.368	-8.40E-09
6464.279	-8.31E-09
6499.379	-8.22E-09
6534.67	-8.13E-09
6570.153	-8.05E-09
6605.828	-7.96E-09
6641.697	-7.87E-09
6677.761	-7.79E-09
6714.02	-7.70E-09
6750.477	-7.62E-09
6787.131	-7.54E-09
6823.984	-7.46E-09
6861.038	-7.38E-09
6898.293	-7.30E-09
6935.75	-7.22E-09
6973.41	-7.14E-09
7011.275	-7.06E-09
7049.346	-6.99E-09
7087.623	-6.91E-09
7126.108	-6.84E-09
7164.802	-6.76E-09
7203.706	-6.69E-09
7242.822	-6.62E-09
7282.15	-6.55E-09
7321.691	-6.48E-09
7361.447	-6.41E-09
7401.419	-6.34E-09
7441.608	-6.27E-09
7482.015	-6.20E-09
7522.642	-6.13E-09
7563.489	-6.07E-09
7604.558	-6.00E-09
7645.85	-5.94E-09
7687.366	-5.87E-09
7729.108	-5.81E-09
7771.076	-5.75E-09
7813.272	-5.69E-09
7855.697	-5.62E-09
7898.353	-5.56E-09
7941.24	-5.50E-09
7984.361	-5.44E-09
8027.715	-5.38E-09
8071.304	-5.33E-09
8115.131	-5.27E-09
8159.195	-5.21E-09
8203.499	-5.16E-09
8248.043	-5.10E-09
8292.829	-5.05E-09
8337.858	-4.99E-09
8383.132	-4.94E-09
8428.652	-4.88E-09
8474.418	-4.83E-09
8520.434	-4.78E-09
8566.699	-4.73E-09
8613.215	-4.68E-09
8659.984	-4.63E-09
8707.007	-4.58E-09
8754.285	-4.53E-09
8801.82	-4.48E-09
8849.613	-4.43E-09
8897.665	-4.38E-09
8945.979	-4.33E-09
8994.555	-4.29E-09
9043.394	-4.24E-09
9092.499	-4.20E-09
9141.87	-4.15E-09
9191.51	-4.11E-09
9241.419	-4.06E-09
9291.599	-4.02E-09
9342.051	-3.97E-09
9392.778	-3.93E-09
9443.78	-3.89E-09
9495.058	-3.85E-09
9546.616	-3.81E-09
9598.453	-3.76E-09
9650.571	-3.72E-09
9702.973	-3.68E-09
9755.659	-3.64E-09
9808.631	-3.61E-09
9861.891	-3.57E-09
9915.44	-3.53E-09
9969.28	-3.49E-09
10023.41	-3.45E-09
10077.84	-3.41E-09
10132.56	-3.38E-09
10187.58	-3.34E-09
10242.9		-3.31E-09
10298.51	-3.27E-09
10354.43	-3.23E-09
10410.66	-3.20E-09
10467.19	-3.17E-09
10524.02	-3.13E-09
10581.17	-3.10E-09
10638.62	-3.06E-09
10696.39	-3.03E-09
10754.47	-3.00E-09
10812.86	-2.97E-09
10871.58	-2.93E-09
10930.61	-2.90E-09