16	0.00191402
16.0998	0.00132827
16.1997	0.00132541
16.2995	0.00112712
16.3994	0.00112149
16.4992	0.000999017
16.599	0.000992138
16.6989	0.000902614
16.7987	0.000895602
16.8986	0.00082477
16.9984	0.000817787
17.0982	0.000758617
17.1981	0.000751243
17.2979	0.000699716
17.3978	0.000691809
17.4976	0.000645829
17.5974	0.000637643
17.6973	0.000596256
17.7971	0.000588622
17.897	0.00055161
17.9968	0.000544385
18.0966	0.00051036
18.1965	0.000502961
18.2963	0.000470693
18.3962	0.000462933
18.496	0.000433602
18.5958	0.000426738
18.6957	0.000398887
18.7955	0.000391518
18.8954	0.00036521
18.9952	0.000358504
19.095	0.000334189
19.1949	0.000327828
19.2947	0.000304362
19.3946	0.000297679
19.4944	0.000275452
19.5942	0.000269445
19.6941	0.000248706
19.7939	0.00024309
19.8938	0.000223321
19.9936	0.000217842
20.0934	0.000198819
20.1933	0.000193339
20.2931	0.000174892
20.393	0.000169379
20.4928	0.000151446
20.5926	0.000145934
20.6925	0.000128518
20.7923	0.000123106
20.8922	0.000106299
20.992	0.000101225
21.0918	8.53873e-05
21.1917	8.10472e-05
21.2915	6.60815e-05
21.3914	6.21572e-05
21.4912	4.78117e-05
21.591	4.42076e-05
21.6909	3.03535e-05
21.7907	2.70369e-05
21.8906	1.35641e-05
21.9904	1.03561e-05
22.0902	-3.1007e-06
22.1901	-6.50973e-06
22.2899	-2.01096e-05
22.3898	-2.26105e-05
22.4896	-3.49225e-05
22.5894	-3.57893e-05
22.6893	-4.74913e-05
22.7891	-4.72236e-05
22.889	-5.88869e-05
22.9888	-5.40147e-05
23.0886	-6.36404e-05
23.1885	-6.71288e-05
23.2883	-0.000110795
23.3882	-0.000123039
23.488	-0.000111864
23.5878	-0.000118281
23.6877	-0.000121575
23.7875	-0.000127016
23.8874	-0.00013276
23.9872	-0.000137294
24.087	-0.000143652
24.1869	-0.000147758
24.2867	-0.000154443
24.3866	-0.000158225
24.4864	-0.000164946
24.5862	-0.000168443
24.6861	-0.000175131
24.7859	-0.00017838
24.8858	-0.000184916
24.9856	-0.000187872
25.0854	-0.000194213
25.1853	-0.000196923
25.2851	-0.000203051
25.385	-0.000205506
25.4848	-0.000211363
25.5846	-0.00021353
25.6845	-0.000219095
25.7843	-0.000221005
25.8842	-0.000226333
25.984	-0.000228097
26.0838	-0.000233317
26.1837	-0.000235047
26.2835	-0.000240214
26.3834	-0.000241933
26.4832	-0.000247033
26.583	-0.00024872
26.6829	-0.00025374
26.7827	-0.000255386
26.8826	-0.000260298
26.9824	-0.000261861
27.0822	-0.000266586
27.1821	-0.000267909
27.2819	-0.000272271
27.3818	-0.000273264
27.4816	-0.000277263
27.5814	-0.000278003
27.6813	-0.000281814
27.7811	-0.000282544
27.881	-0.000286364
27.9808	-0.000287183
28.0806	-0.00029104
28.1805	-0.00029192
28.2803	-0.000295718
28.3802	-0.000296451
28.48	-0.000299932
28.5798	-0.000300344
28.6797	-0.000303449
28.7795	-0.000303563
28.8794	-0.000306404
28.9792	-0.000306441
29.079	-0.000309276
29.1789	-0.000309407
29.2787	-0.000312311
29.3786	-0.000312544
29.4784	-0.000315463
29.5782	-0.000315646
29.6781	-0.000318352
29.7779	-0.00031837
29.8778	-0.0003209
29.9776	-0.000320793
30.0774	-0.000323161
30.1773	-0.000322937
30.2771	-0.000325148
30.377	-0.000324818
30.4768	-0.00032692
30.5766	-0.000326552
30.6765	-0.000328588
30.7763	-0.000328193
30.8762	-0.000330151
30.976	-0.000329689
31.0758	-0.000331488
31.1757	-0.000330871
31.2755	-0.000332501
31.3754	-0.000331773
31.4752	-0.000333261
31.575	-0.000332433
31.6749	-0.00033379
31.7747	-0.000332871
31.8746	-0.000334106
31.9744	-0.000333103
32.0742	-0.000334225
32.1741	-0.000333145
32.2739	-0.000334158
32.3738	-0.000333004
32.4736	-0.000333914
32.5734	-0.00033269
32.6733	-0.000333499
32.7731	-0.000332208
32.873	-0.000332918
32.9728	-0.000331557
33.0726	-0.000332167
33.1725	-0.000330735
33.2723	-0.000331245
33.3722	-0.000329743
33.472	-0.000330154
33.5718	-0.000328575
33.6717	-0.000328883
33.7715	-0.00032725
33.8714	-0.000327493
33.9712	-0.000325828
34.071	-0.000326018
34.1709	-0.00032433
34.2707	-0.000324473
34.3706	-0.000322767
34.4704	-0.000322885
34.5702	-0.000321186
34.6701	-0.000321223
34.7699	-0.0003194
34.8698	-0.00031925
34.9696	-0.000317242
35.0694	-0.000316873
35.1693	-0.000314665
35.2691	-0.000314076
35.369	-0.000311685
35.4688	-0.000310934
35.5686	-0.00030844
35.6685	-0.000307523
35.7683	-0.000304837
35.8682	-0.000303686
35.968	-0.00030078
36.0678	-0.000299384
36.1677	-0.000296257
36.2675	-0.000294623
36.3674	-0.000291287
36.4672	-0.000289416
36.567	-0.000285857
36.6669	-0.000283844
36.7667	-0.000280308
36.8666	-0.000278386
36.9664	-0.000275013
37.0662	-0.000273266
37.1661	-0.000270107
37.2659	-0.000268563
37.3658	-0.00026562
37.4656	-0.000264255
37.5654	-0.00026147
37.6653	-0.000260169
37.7651	-0.000257407
37.865	-0.000256102
37.9648	-0.00025335
38.0646	-0.00025203
38.1645	-0.000249276
38.2643	-0.000247932
38.3642	-0.000245172
38.464	-0.000243804
38.5638	-0.00024104
38.6637	-0.000239657
38.7635	-0.000236906
38.8634	-0.000235537
38.9632	-0.00023282
39.063	-0.000231465
39.1629	-0.000228777
39.2627	-0.000227435
39.3626	-0.000224777
39.4624	-0.000223451
39.5622	-0.000220826
39.6621	-0.000219517
39.7619	-0.000216928
39.8618	-0.000215644
39.9616	-0.000213097
40.0614	-0.000211848
40.1613	-0.000209356
40.2611	-0.000208138
40.361	-0.000205684
40.4608	-0.000204488
40.5606	-0.000202069
40.6605	-0.000200892
40.7603	-0.000198506
40.8602	-0.000197348
40.96	-0.000194995
41.0598	-0.000193858
41.1597	-0.000191541
41.2595	-0.000190429
41.3594	-0.000188157
41.4592	-0.000187085
41.559	-0.00018486
41.6589	-0.000183813
41.7587	-0.000181621
41.8586	-0.000180592
41.9584	-0.000178431
42.0582	-0.000177418
42.1581	-0.000175284
42.2579	-0.000174286
42.3578	-0.000172181
42.4576	-0.000171201
42.5574	-0.000169128
42.6573	-0.00016817
42.7571	-0.000166136
42.857	-0.000165216
42.9568	-0.00016323
43.0566	-0.000162338
43.1565	-0.000160387
43.2563	-0.000159517
43.3562	-0.000157598
43.456	-0.000156746
43.5558	-0.000154857
43.6557	-0.000154025
43.7555	-0.000152165
43.8554	-0.000151352
43.9552	-0.000149523
44.055	-0.000148732
44.1549	-0.000146938
44.2547	-0.000146174
44.3546	-0.000144424
44.4544	-0.000143698
44.5542	-0.000141989
44.6541	-0.000141288
44.7539	-0.000139612
44.8538	-0.00013893
44.9536	-0.000137283
45.0534	-0.00013662
45.1533	-0.000135
45.2531	-0.000134354
45.353	-0.00013276
45.4528	-0.000132132
45.5526	-0.000130566
45.6525	-0.000129956
45.7523	-0.000128419
45.8522	-0.000127831
45.952	-0.00012633
46.0518	-0.000125774
46.1517	-0.00012431
46.2515	-0.000123776
46.3514	-0.000122341
46.4512	-0.000121825
46.551	-0.000120416
46.6509	-0.000119916
46.7507	-0.00011853
46.8506	-0.000118045
46.9504	-0.000116682
47.0502	-0.000116211
47.1501	-0.000114871
47.2499	-0.000114415
47.3498	-0.000113098
47.4496	-0.000112657
47.5494	-0.000111365
47.6493	-0.000110943
47.7491	-0.000109682
47.849	-0.000109285
47.9488	-0.000108052
48.0486	-0.000107673
48.1485	-0.000106464
48.2483	-0.000106099
48.3482	-0.000104912
48.448	-0.000104561
48.5478	-0.000103394
48.6477	-0.000103054
48.7475	-0.000101907
48.8474	-0.000101579
48.9472	-0.000100451
49.047	-0.000100135
49.1469	-9.90258e-05
49.2467	-9.87222e-05
49.3466	-9.76325e-05
49.4464	-9.73423e-05
49.5462	-9.6274e-05
49.6461	-9.60007e-05
49.7459	-9.49583e-05
49.8458	-9.47016e-05
49.9456	-9.368e-05
50.0454	-9.34361e-05
50.1453	-9.24331e-05
50.2451	-9.22005e-05
50.345	-9.12149e-05
50.4448	-9.09926e-05
50.5446	-9.00235e-05
50.6445	-8.98109e-05
50.7443	-8.88577e-05
50.8442	-8.86543e-05
50.944	-8.77167e-05
51.0438	-8.75225e-05
51.1437	-8.66003e-05
51.2435	-8.64151e-05
51.3434	-8.55084e-05
51.4432	-8.53327e-05
51.543	-8.44419e-05
51.6429	-8.42767e-05
51.7427	-8.34037e-05
51.8426	-8.32509e-05
51.9424	-8.2395e-05
52.0422	-8.22522e-05
52.1421	-8.14118e-05
52.2419	-8.12782e-05
52.3418	-8.04525e-05
52.4416	-8.03274e-05
52.5414	-7.95158e-05
52.6413	-7.93987e-05
52.7411	-7.86007e-05
52.841	-7.84914e-05
52.9408	-7.77065e-05
53.0406	-7.76046e-05
53.1405	-7.68325e-05
53.2403	-7.67376e-05
53.3402	-7.59778e-05
53.44	-7.58897e-05
53.5398	-7.5142e-05
53.6397	-7.50603e-05
53.7395	-7.43241e-05
53.8394	-7.42485e-05
53.9392	-7.35233e-05
54.039	-7.3453e-05
54.1389	-7.27388e-05
54.2387	-7.26747e-05
54.3386	-7.19722e-05
54.4384	-7.19148e-05
54.5382	-7.12241e-05
54.6381	-7.11735e-05
54.7379	-7.04947e-05
54.8378	-7.0451e-05
54.9376	-6.97839e-05
55.0374	-6.9747e-05
55.1373	-6.90916e-05
55.2371	-6.90615e-05
55.337	-6.84176e-05
55.4368	-6.83941e-05
55.5366	-6.77615e-05
55.6365	-6.77444e-05
55.7363	-6.71229e-05
55.8362	-6.7112e-05
55.936	-6.65014e-05
56.0358	-6.64967e-05
56.1357	-6.58967e-05
56.2355	-6.58979e-05
56.3354	-6.53085e-05
56.4352	-6.53162e-05
56.535	-6.47375e-05
56.6349	-6.47499e-05
56.7347	-6.41793e-05
56.8346	-6.41949e-05
56.9344	-6.36314e-05
57.0342	-6.36492e-05
57.1341	-6.3092e-05
57.2339	-6.31114e-05
57.3338	-6.25598e-05
57.4336	-6.25804e-05
57.5334	-6.2034e-05
57.6333	-6.20554e-05
57.7331	-6.15139e-05
57.833	-6.15357e-05
57.9328	-6.09988e-05
58.0326	-6.1021e-05
58.1325	-6.04885e-05
58.2323	-6.0511e-05
58.3322	-5.99828e-05
58.432	-6.00056e-05
58.5318	-5.94817e-05
58.6317	-5.95048e-05
58.7315	-5.89853e-05
58.8314	-5.9009e-05
58.9312	-5.84942e-05
59.031	-5.85189e-05
59.1309	-5.80095e-05
59.2307	-5.8036e-05
59.3306	-5.75323e-05
59.4304	-5.75608e-05
59.5302	-5.70629e-05
59.6301	-5.70933e-05
59.7299	-5.66013e-05
59.8298	-5.66338e-05
59.9296	-5.61476e-05
60.0294	-5.61823e-05
60.1293	-5.57019e-05
60.2291	-5.57387e-05
60.329	-5.52641e-05
60.4288	-5.5303e-05
60.5286	-5.4834e-05
60.6285	-5.48749e-05
60.7283	-5.44115e-05
60.8282	-5.44543e-05
60.928	-5.39963e-05
61.0278	-5.4041e-05
61.1277	-5.35881e-05
61.2275	-5.36344e-05
61.3274	-5.31866e-05
61.4272	-5.32343e-05
61.527	-5.27912e-05
61.6269	-5.28401e-05
61.7267	-5.24014e-05
61.8266	-5.2451e-05
61.9264	-5.20161e-05
62.0262	-5.20656e-05
62.1261	-5.16332e-05
62.2259	-5.16823e-05
62.3258	-5.12531e-05
62.4256	-5.13023e-05
62.5254	-5.08767e-05
62.6253	-5.09262e-05
62.7251	-5.05041e-05
62.825	-5.0554e-05
62.9248	-5.01356e-05
63.0246	-5.0186e-05
63.1245	-4.97712e-05
63.2243	-4.98221e-05
63.3242	-4.94109e-05
63.424	-4.94623e-05
63.5238	-4.90547e-05
63.6237	-4.91066e-05
63.7235	-4.87025e-05
63.8234	-4.8755e-05
63.9232	-4.83545e-05
64.023	-4.84075e-05
64.1229	-4.80105e-05
64.2227	-4.8064e-05
64.3226	-4.76705e-05
64.4224	-4.77245e-05
64.5222	-4.73345e-05
64.6221	-4.7389e-05
64.7219	-4.70024e-05
64.8218	-4.70574e-05
64.9216	-4.66742e-05
65.0214	-4.67297e-05
65.1213	-4.63499e-05
65.2211	-4.64059e-05
65.321	-4.60292e-05
65.4208	-4.60857e-05
65.5206	-4.57124e-05
65.6205	-4.57694e-05
65.7203	-4.53994e-05
65.8202	-4.5457e-05
65.92	-4.50904e-05
66.0198	-4.51486e-05
66.1197	-4.47853e-05
66.2195	-4.48442e-05
66.3194	-4.44842e-05
66.4192	-4.45437e-05
66.519	-4.4187e-05
66.6189	-4.42471e-05
66.7187	-4.38937e-05
66.8186	-4.39545e-05
66.9184	-4.36042e-05
67.0182	-4.36657e-05
67.1181	-4.33186e-05
67.2179	-4.33807e-05
67.3178	-4.30368e-05
67.4176	-4.30995e-05
67.5174	-4.27588e-05
67.6173	-4.28221e-05
67.7171	-4.24845e-05
67.817	-4.25483e-05
67.9168	-4.22138e-05
68.0166	-4.22782e-05
68.1165	-4.19467e-05
68.2163	-4.20117e-05
68.3162	-4.16831e-05
68.416	-4.17487e-05
68.5158	-4.14231e-05
68.6157	-4.14892e-05
68.7155	-4.11665e-05
68.8154	-4.12331e-05
68.9152	-4.09134e-05
69.015	-4.09807e-05
69.1149	-4.06638e-05
69.2147	-4.07315e-05
69.3146	-4.04173e-05
69.4144	-4.04851e-05
69.5142	-4.01734e-05
69.6141	-4.02415e-05
69.7139	-3.99321e-05
69.8138	-4.00002e-05
69.9136	-3.96932e-05
70.0134	-3.97613e-05
70.1133	-3.94565e-05
70.2131	-3.95246e-05
70.313	-3.9222e-05
70.4128	-3.92901e-05
70.5126	-3.89896e-05
70.6125	-3.90575e-05
70.7123	-3.87591e-05
70.8122	-3.88269e-05
70.912	-3.85305e-05
71.0118	-3.85982e-05
71.1117	-3.83038e-05
71.2115	-3.83713e-05
71.3114	-3.80789e-05
71.4112	-3.81463e-05
71.511	-3.78558e-05
71.6109	-3.7923e-05
71.7107	-3.76344e-05
71.8106	-3.77014e-05
71.9104	-3.74147e-05
72.0102	-3.74815e-05
72.1101	-3.71967e-05
72.2099	-3.72634e-05
72.3098	-3.69805e-05
72.4096	-3.7047e-05
72.5094	-3.6766e-05
72.6093	-3.68324e-05
72.7091	-3.65532e-05
72.809	-3.66196e-05
72.9088	-3.63424e-05
73.0086	-3.64088e-05
73.1085	-3.61336e-05
73.2083	-3.62e-05
73.3082	-3.59268e-05
73.408	-3.59932e-05
73.5078	-3.57219e-05
73.6077	-3.57884e-05
73.7075	-3.5519e-05
73.8074	-3.55855e-05
73.9072	-3.5318e-05
74.007	-3.53845e-05
74.1069	-3.51189e-05
74.2067	-3.51854e-05
74.3066	-3.49217e-05
74.4064	-3.49882e-05
74.5062	-3.47264e-05
74.6061	-3.47929e-05
74.7059	-3.45329e-05
74.8058	-3.45994e-05
74.9056	-3.43412e-05
75.0054	-3.44077e-05
75.1053	-3.41513e-05
75.2051	-3.42178e-05
75.305	-3.39632e-05
75.4048	-3.40297e-05
75.5046	-3.37768e-05
75.6045	-3.38433e-05
75.7043	-3.35922e-05
75.8042	-3.36588e-05
75.904	-3.34094e-05
76.0038	-3.34759e-05
76.1037	-3.32282e-05
76.2035	-3.32947e-05
76.3034	-3.30487e-05
76.4032	-3.31152e-05
76.503	-3.28709e-05
76.6029	-3.29374e-05
76.7027	-3.26947e-05
76.8026	-3.27612e-05
76.9024	-3.25202e-05
77.0022	-3.25866e-05
77.1021	-3.23472e-05
77.2019	-3.24135e-05
77.3018	-3.21757e-05
77.4016	-3.2242e-05
77.5014	-3.20058e-05
77.6013	-3.2072e-05
77.7011	-3.18372e-05
77.801	-3.19034e-05
77.9008	-3.16702e-05
78.0006	-3.17363e-05
78.1005	-3.15047e-05
78.2003	-3.15707e-05
78.3002	-3.13407e-05
78.4	-3.14067e-05
78.4998	-3.11782e-05
78.5997	-3.12443e-05
78.6995	-3.10173e-05
78.7994	-3.10833e-05
78.8992	-3.08579e-05
78.999	-3.09239e-05
79.0989	-3.07e-05
79.1987	-3.0766e-05
79.2986	-3.05436e-05
79.3984	-3.06095e-05
79.4982	-3.03886e-05
79.5981	-3.04546e-05
79.6979	-3.02352e-05
79.7978	-3.03011e-05
79.8976	-3.00831e-05
79.9974	-3.01491e-05
80.0973	-2.99325e-05
80.1971	-2.99984e-05
80.297	-2.97833e-05
80.3968	-2.98492e-05
80.4966	-2.96355e-05
80.5965	-2.97014e-05
80.6963	-2.94891e-05
80.7962	-2.95549e-05
80.896	-2.9344e-05
80.9958	-2.94097e-05
81.0957	-2.92002e-05
81.1955	-2.92658e-05
81.2954	-2.90576e-05
81.3952	-2.91232e-05
81.495	-2.89163e-05
81.5949	-2.89819e-05
81.6947	-2.87762e-05
81.7946	-2.88417e-05
81.8944	-2.86373e-05
81.9942	-2.87027e-05
82.0941	-2.84996e-05
82.1939	-2.85648e-05
82.2938	-2.83628e-05
82.3936	-2.84279e-05
82.4934	-2.82271e-05
82.5933	-2.8292e-05
82.6931	-2.80923e-05
82.793	-2.81569e-05
82.8928	-2.79582e-05
82.9926	-2.80226e-05
83.0925	-2.7825e-05
83.1923	-2.78891e-05
83.2922	-2.76927e-05
83.392	-2.77567e-05
83.4918	-2.75613e-05
83.5917	-2.76251e-05
83.6915	-2.74309e-05
83.7914	-2.74944e-05
83.8912	-2.73013e-05
83.991	-2.73647e-05
84.0909	-2.71727e-05
84.1907	-2.72359e-05
84.2906	-2.7045e-05
84.3904	-2.7108e-05
84.4902	-2.69182e-05
84.5901	-2.69811e-05
84.6899	-2.67922e-05
84.7898	-2.6855e-05
84.8896	-2.66672e-05
84.9894	-2.67298e-05
85.0893	-2.65431e-05
85.1891	-2.66056e-05
85.289	-2.64199e-05
85.3888	-2.64822e-05
85.4886	-2.62975e-05
85.5885	-2.63597e-05
85.6883	-2.6176e-05
85.7882	-2.6238e-05
85.888	-2.60554e-05
85.9878	-2.61172e-05
86.0877	-2.59356e-05
86.1875	-2.59973e-05
86.2874	-2.58167e-05
86.3872	-2.58782e-05
86.487	-2.56986e-05
86.5869	-2.576e-05
86.6867	-2.55814e-05
86.7866	-2.56425e-05
86.8864	-2.54649e-05
86.9862	-2.5526e-05
87.0861	-2.53493e-05
87.1859	-2.54102e-05
87.2858	-2.52345e-05
87.3856	-2.52952e-05
87.4854	-2.51205e-05
87.5853	-2.51811e-05
87.6851	-2.50073e-05
87.785	-2.50677e-05
87.8848	-2.48949e-05
87.9846	-2.49552e-05
88.0845	-2.47833e-05
88.1843	-2.48434e-05
88.2842	-2.46725e-05
88.384	-2.47324e-05
88.4838	-2.45624e-05
88.5837	-2.46222e-05
88.6835	-2.44531e-05
88.7834	-2.45128e-05
88.8832	-2.43446e-05
88.983	-2.44041e-05
89.0829	-2.42368e-05
89.1827	-2.42962e-05
89.2826	-2.41298e-05
89.3824	-2.41891e-05
89.4822	-2.40236e-05
89.5821	-2.40827e-05
89.6819	-2.39181e-05
89.7818	-2.39771e-05
89.8816	-2.38134e-05
89.9814	-2.38722e-05
90.0813	-2.37094e-05
90.1811	-2.37681e-05
90.281	-2.36062e-05
90.3808	-2.36648e-05
90.4806	-2.35037e-05
90.5805	-2.35622e-05
90.6803	-2.3402e-05
90.7802	-2.34603e-05
90.88	-2.3301e-05
90.9798	-2.33591e-05
91.0797	-2.32007e-05
91.1795	-2.32587e-05
91.2794	-2.31011e-05
91.3792	-2.3159e-05
91.479	-2.30022e-05
91.5789	-2.306e-05
91.6787	-2.2904e-05
91.7786	-2.29617e-05
91.8784	-2.28066e-05
91.9782	-2.28641e-05
92.0781	-2.27098e-05
92.1779	-2.27672e-05
92.2778	-2.26137e-05
92.3776	-2.2671e-05
92.4774	-2.25183e-05
92.5773	-2.25755e-05
92.6771	-2.24236e-05
92.777	-2.24806e-05
92.8768	-2.23295e-05
92.9766	-2.23864e-05
93.0765	-2.22361e-05
93.1763	-2.22929e-05
93.2762	-2.21433e-05
93.376	-2.22e-05
93.4758	-2.20512e-05
93.5757	-2.21078e-05
93.6755	-2.19598e-05
93.7754	-2.20162e-05
93.8752	-2.18689e-05
93.975	-2.19252e-05
94.0749	-2.17788e-05
94.1747	-2.18349e-05
94.2746	-2.16892e-05
94.3744	-2.17452e-05
94.4742	-2.16002e-05
94.5741	-2.16561e-05
94.6739	-2.15119e-05
94.7738	-2.15677e-05
94.8736	-2.14242e-05
94.9734	-2.14798e-05
95.0733	-2.13371e-05
95.1731	-2.13926e-05
95.273	-2.12505e-05
95.3728	-2.13059e-05
95.4726	-2.11646e-05
95.5725	-2.12199e-05
95.6723	-2.10793e-05
95.7722	-2.11344e-05
95.872	-2.09945e-05
95.9718	-2.10495e-05
96.0717	-2.09103e-05
96.1715	-2.09651e-05
96.2714	-2.08266e-05
96.3712	-2.08813e-05
96.471	-2.07435e-05
96.5709	-2.0798e-05
96.6707	-2.06608e-05
96.7706	-2.07153e-05
96.8704	-2.05787e-05
96.9702	-2.0633e-05
97.0701	-2.04971e-05
97.1699	-2.05512e-05
97.2698	-2.0416e-05
97.3696	-2.047e-05
97.4694	-2.03354e-05
97.5693	-2.03892e-05
97.6691	-2.02552e-05
97.769	-2.03089e-05
97.8688	-2.01756e-05
97.9686	-2.02291e-05
98.0685	-2.00964e-05
98.1683	-2.01497e-05
98.2682	-2.00177e-05
98.368	-2.00708e-05
98.4678	-1.99394e-05
98.5677	-1.99924e-05
98.6675	-1.98616e-05
98.7674	-1.99144e-05
98.8672	-1.97842e-05
98.967	-1.98369e-05
99.0669	-1.97072e-05
99.1667	-1.97598e-05
99.2666	-1.96307e-05
99.3664	-1.96832e-05
99.4662	-1.95547e-05
99.5661	-1.96069e-05
99.6659	-1.9479e-05
99.7658	-1.95311e-05
99.8656	-1.94038e-05
99.9654	-1.94558e-05
100.065	-1.9329e-05
100.165	-1.93808e-05
100.265	-1.92546e-05
100.365	-1.93062e-05
100.465	-1.91806e-05
100.564	-1.92321e-05
100.664	-1.91071e-05
100.764	-1.91584e-05
100.864	-1.90339e-05
100.964	-1.90851e-05
101.064	-1.89611e-05
101.164	-1.90121e-05
101.263	-1.88887e-05
101.363	-1.89396e-05
101.463	-1.88168e-05
101.563	-1.88675e-05
101.663	-1.87452e-05
101.763	-1.87957e-05
101.862	-1.86739e-05
101.962	-1.87243e-05
102.062	-1.86031e-05
102.162	-1.86534e-05
102.262	-1.85327e-05
102.362	-1.85828e-05
102.461	-1.84626e-05
102.561	-1.85125e-05
102.661	-1.83929e-05
102.761	-1.84427e-05
102.861	-1.83236e-05
102.961	-1.83732e-05
103.06	-1.82547e-05
103.16	-1.83042e-05
103.26	-1.81861e-05
103.36	-1.82355e-05
103.46	-1.8118e-05
103.56	-1.81672e-05
103.66	-1.80502e-05
103.759	-1.80993e-05
103.859	-1.79828e-05
103.959	-1.80318e-05
104.059	-1.79158e-05
104.159	-1.79646e-05
104.259	-1.78491e-05
104.358	-1.78978e-05
104.458	-1.77828e-05
104.558	-1.78313e-05
104.658	-1.77168e-05
104.758	-1.77651e-05
104.858	-1.76511e-05
104.957	-1.76994e-05
105.057	-1.75858e-05
105.157	-1.76339e-05
105.257	-1.75209e-05
105.357	-1.75688e-05
105.457	-1.74562e-05
105.556	-1.7504e-05
105.656	-1.73919e-05
105.756	-1.74396e-05
105.856	-1.73279e-05
105.956	-1.73754e-05
106.056	-1.72643e-05
106.156	-1.73116e-05
106.255	-1.72009e-05
106.355	-1.72481e-05
106.455	-1.71379e-05
106.555	-1.71849e-05
106.655	-1.70751e-05
106.755	-1.71221e-05
106.854	-1.70127e-05
106.954	-1.70595e-05
107.054	-1.69506e-05
107.154	-1.69972e-05
107.254	-1.68888e-05
107.354	-1.69353e-05
107.453	-1.68273e-05
107.553	-1.68736e-05
107.653	-1.67661e-05
107.753	-1.68123e-05
107.853	-1.67051e-05
107.953	-1.67512e-05
108.052	-1.66445e-05
108.152	-1.66904e-05
108.252	-1.65842e-05
108.352	-1.66299e-05
108.452	-1.65241e-05
108.552	-1.65697e-05
108.652	-1.64643e-05
108.751	-1.65098e-05
108.851	-1.64049e-05
108.951	-1.64502e-05
109.051	-1.63457e-05
109.151	-1.63909e-05
109.251	-1.62867e-05
109.35	-1.63318e-05
109.45	-1.62281e-05
109.55	-1.6273e-05
109.65	-1.61697e-05
109.75	-1.62145e-05
109.85	-1.61116e-05
109.949	-1.61563e-05
110.049	-1.60538e-05
110.149	-1.60983e-05
110.249	-1.59962e-05
110.349	-1.60406e-05
110.449	-1.59389e-05
110.548	-1.59832e-05
110.648	-1.58819e-05
110.748	-1.59261e-05
110.848	-1.58252e-05
110.948	-1.58692e-05
111.048	-1.57687e-05
111.148	-1.58126e-05
111.247	-1.57125e-05
111.347	-1.57562e-05
111.447	-1.56565e-05
111.547	-1.57001e-05
111.647	-1.56008e-05
111.747	-1.56443e-05
111.846	-1.55454e-05
111.946	-1.55887e-05
112.046	-1.54902e-05
112.146	-1.55334e-05
112.246	-1.54353e-05
112.346	-1.54784e-05
112.445	-1.53807e-05
112.545	-1.54236e-05
112.645	-1.53263e-05
112.745	-1.53692e-05
112.845	-1.52722e-05
112.945	-1.53149e-05
113.044	-1.52184e-05
113.144	-1.5261e-05
113.244	-1.51648e-05
113.344	-1.52073e-05
113.444	-1.51115e-05
113.544	-1.51539e-05
113.644	-1.50584e-05
113.743	-1.51007e-05
113.843	-1.50056e-05
113.943	-1.50478e-05
114.043	-1.49531e-05
114.143	-1.49951e-05
114.243	-1.49008e-05
114.342	-1.49427e-05
114.442	-1.48487e-05
114.542	-1.48905e-05
114.642	-1.47969e-05
114.742	-1.48386e-05
114.842	-1.47454e-05
114.941	-1.47869e-05
115.041	-1.4694e-05
115.141	-1.47355e-05
115.241	-1.4643e-05
115.341	-1.46843e-05
115.441	-1.45921e-05
115.54	-1.46333e-05
115.64	-1.45415e-05
115.74	-1.45826e-05