    2   8.689000       4.5479E-06  1.4819E-03  7.28798E-04
    3   8.736000       7.2299E-06  1.5097E-03  1.16488E-03
    4   8.784000       1.2577E-05  1.5387E-03  2.03738E-03
    5   8.831000       2.1870E-05  1.5657E-03  3.56200E-03
    6   8.879000       3.6375E-05  1.5906E-03  5.95674E-03
    7   8.928000       5.7488E-05  1.6124E-03  9.46523E-03
    8   8.976000       8.6735E-05  1.6258E-03  1.43583E-02
    9   9.025000       1.2543E-04  1.6300E-03  2.08761E-02
   10   9.074000       1.7326E-04  1.6223E-03  2.89944E-02
   11   9.123000       2.2927E-04  1.6018E-03  3.85745E-02
   12   9.173000       2.9233E-04  1.5708E-03  4.94517E-02
   13   9.222000       3.6100E-04  1.5258E-03  6.14003E-02
   14   9.273000       4.3376E-04  1.4721E-03  7.41765E-02
   15   9.323000       5.0889E-04  1.4079E-03  8.74965E-02
   16   9.373000       5.8440E-04  1.3339E-03  1.01025E-01
   17   9.424000       6.5824E-04  1.2527E-03  1.14408E-01
   18   9.476000       7.2793E-04  1.1678E-03  1.27208E-01
   19   9.527000       7.9068E-04  1.0810E-03  1.38925E-01
   20   9.579000       8.4391E-04  9.9687E-04  1.49082E-01
   21   9.631000       8.8692E-04  9.1884E-04  1.57531E-01
   22   9.683000       9.1987E-04  8.4819E-04  1.64270E-01
   23   9.736000       9.4294E-04  7.8615E-04  1.69304E-01
   24   9.788000       9.5655E-04  7.3439E-04  1.72680E-01
   25   9.842000       9.6116E-04  6.9251E-04  1.74455E-01
   26   9.895000       9.5764E-04  6.6340E-04  1.74760E-01
   27   9.949000       9.4829E-04  6.4560E-04  1.73994E-01
   28   10.00300       9.3576E-04  6.3800E-04  1.72626E-01
   29   10.05700       9.2263E-04  6.3835E-04  1.71129E-01
   30   10.11200       9.1135E-04  6.4364E-04  1.69954E-01
   31   10.16700       9.0431E-04  6.5045E-04  1.69557E-01
   32   10.22200       9.0306E-04  6.5445E-04  1.70243E-01
   33   10.27700       9.0631E-04  6.5367E-04  1.71782E-01
   34   10.33300       9.1216E-04  6.4813E-04  1.73831E-01
   35   10.38900       9.1874E-04  6.3853E-04  1.76034E-01
   36   10.44600       9.2414E-04  6.2622E-04  1.78030E-01
   37   10.50200       9.2645E-04  6.1305E-04  1.79446E-01
   38   10.55900       9.2377E-04  6.0115E-04  1.79897E-01
   39   10.61700       9.1407E-04  5.9331E-04  1.78976E-01
   40   10.67400       8.9534E-04  5.9458E-04  1.76259E-01
   41   10.73200       8.6641E-04  6.1180E-04  1.71490E-01
   42   10.79100       8.3378E-04  6.4640E-04  1.65929E-01
   43   10.84900       8.0791E-04  6.9159E-04  1.61652E-01
   44   10.90800       7.9847E-04  7.3103E-04  1.60632E-01
   45   10.96700       7.9927E-04  7.5418E-04  1.61666E-01
   46   11.02700       7.8986E-04  7.7312E-04  1.60630E-01
   47   11.08700       7.4949E-04  8.2644E-04  1.53248E-01
   48   11.14700       6.9480E-04  9.5037E-04  1.42836E-01
   49   11.20800       7.1017E-04  1.1025E-03  1.46789E-01
   50   11.26800       8.8796E-04  1.0861E-03  1.84534E-01
   51   11.33000       1.0385E-03  9.4369E-04  2.16996E-01
   52   11.39100       1.0325E-03  9.3704E-04  2.16899E-01
   53   11.45300       1.1750E-03  8.4965E-04  2.48184E-01
   54   11.51500       1.2380E-03  7.2981E-04  2.62905E-01
   55   11.57800       1.2533E-03  6.5352E-04  2.67598E-01
   56   11.64100       1.2521E-03  6.1206E-04  2.68810E-01
   57   11.70400       1.2487E-03  5.9320E-04  2.69527E-01
   58   11.76700       1.2633E-03  5.5994E-04  2.74164E-01
   59   11.83100       1.2479E-03  5.4510E-04  2.72298E-01
   60   11.89500       1.2341E-03  5.5430E-04  2.70744E-01
   61   11.96000       1.2394E-03  5.5648E-04  2.73381E-01
   62   12.02500       1.2360E-03  5.6634E-04  2.74104E-01
   63   12.09000       1.2425E-03  5.8822E-04  2.77053E-01
   64   12.15600       1.2859E-03  5.7527E-04  2.88281E-01
   65   12.22200       1.3041E-03  5.5993E-04  2.93938E-01
   66   12.28800       1.3206E-03  5.5228E-04  2.99283E-01
   67   12.35500       1.3220E-03  5.9464E-04  3.01226E-01
   68   12.42200       1.4425E-03  5.2450E-04  3.30466E-01
   69   12.49000       1.4358E-03  4.9576E-04  3.30708E-01
   70   12.55700       1.4978E-03  4.4636E-04  3.46867E-01
   71   12.62600       1.4867E-03  4.5116E-04  3.46164E-01
   72   12.69400       1.5862E-03  3.7955E-04  3.71338E-01
   73   12.76300       1.5752E-03  3.4910E-04  3.70777E-01
   74   12.83200       1.6406E-03  2.9419E-04  3.88258E-01
   75   12.90200       1.6574E-03  2.3531E-04  3.94371E-01
   76   12.97200       1.6741E-03  1.8435E-04  4.00514E-01
   77   13.04300       1.6641E-03  1.6245E-04  4.00272E-01
   78   13.11300       1.6768E-03  1.5554E-04  4.05510E-01
   79   13.18500       1.7286E-03  1.0781E-04  4.20319E-01
   80   13.25600       1.7549E-03  4.4112E-05  4.29029E-01
   81   13.32800       1.7610E-03 -3.9264E-06  4.32852E-01
   82   13.40000       1.7694E-03 -4.5063E-05  4.37280E-01
   83   13.47300       1.7781E-03 -8.9526E-05  4.41834E-01
   84   13.54600       1.7798E-03 -1.3295E-04  4.44644E-01
   85   13.62000       1.7745E-03 -1.7089E-04  4.45718E-01
   86   13.69400       1.7648E-03 -2.0137E-04  4.45687E-01
   87   13.76800       1.7545E-03 -2.2572E-04  4.45499E-01
   88   13.84300       1.7470E-03 -2.4885E-04  4.45996E-01
   89   13.91800       1.7406E-03 -2.7295E-04  4.46780E-01
   90   13.99400       1.7325E-03 -2.9692E-04  4.47112E-01
   91   14.07000       1.7225E-03 -3.1876E-04  4.46963E-01
   92   14.14600       1.7118E-03 -3.3828E-04  4.46588E-01
   93   14.22300       1.7008E-03 -3.5632E-04  4.46136E-01
   94   14.30000       1.6899E-03 -3.7310E-04  4.45691E-01
   95   14.37800       1.6792E-03 -3.8930E-04  4.45270E-01
   96   14.45600       1.6686E-03 -4.0482E-04  4.44840E-01
   97   14.53400       1.6579E-03 -4.1959E-04  4.44408E-01
   98   14.61300       1.6475E-03 -4.3420E-04  4.44024E-01
   99   14.69300       1.6373E-03 -4.4918E-04  4.43656E-01
  100   14.77200       1.6266E-03 -4.6371E-04  4.43139E-01
  101   14.85300       1.6150E-03 -4.7801E-04  4.42375E-01
  102   14.93300       1.6030E-03 -4.9114E-04  4.41467E-01
  103   15.01400       1.5909E-03 -5.0384E-04  4.40517E-01
  104   15.09600       1.5785E-03 -5.1647E-04  4.39475E-01
  105   15.17800       1.5656E-03 -5.2865E-04  4.38248E-01
  106   15.26000       1.5521E-03 -5.3999E-04  4.36822E-01
  107   15.34300       1.5381E-03 -5.5071E-04  4.35229E-01
  108   15.42600       1.5236E-03 -5.6060E-04  4.33480E-01
  109   15.51000       1.5087E-03 -5.6979E-04  4.31556E-01
  110   15.59400       1.4932E-03 -5.7786E-04  4.29457E-01
  111   15.67900       1.4775E-03 -5.8491E-04  4.27238E-01
  112   15.76400       1.4617E-03 -5.9065E-04  4.24977E-01
  113   15.85000       1.4465E-03 -5.9550E-04  4.22839E-01
  114   15.93600       1.4325E-03 -6.0014E-04  4.21021E-01
  115   16.02200       1.4197E-03 -6.0537E-04  4.19509E-01
  116   16.10900       1.4071E-03 -6.1147E-04  4.18048E-01
  117   16.19700       1.3941E-03 -6.1797E-04  4.16434E-01
  118   16.28500       1.3807E-03 -6.2432E-04  4.14677E-01
  119   16.37300       1.3671E-03 -6.3043E-04  4.12822E-01
  120   16.46200       1.3531E-03 -6.3647E-04  4.10811E-01
  121   16.55200       1.3383E-03 -6.4221E-04  4.08518E-01
  122   16.64100       1.3227E-03 -6.4640E-04  4.05937E-01
  123   16.73200       1.3072E-03 -6.4932E-04  4.03359E-01
  124   16.82300       1.2935E-03 -6.5286E-04  4.01297E-01
  125   16.91400       1.2792E-03 -6.5691E-04  3.99040E-01
  126   17.00600       1.2642E-03 -6.6025E-04  3.96503E-01
  127   17.09800       1.2498E-03 -6.6327E-04  3.94109E-01
  128   17.19100       1.2354E-03 -6.6670E-04  3.91664E-01
  129   17.28400       1.2201E-03 -6.6975E-04  3.88914E-01
  130   17.37800       1.2040E-03 -6.7178E-04  3.85885E-01
  131   17.47300       1.1879E-03 -6.7289E-04  3.82780E-01
  132   17.56700       1.1721E-03 -6.7307E-04  3.79758E-01
  133   17.66300       1.1568E-03 -6.7301E-04  3.76831E-01
  134   17.75900       1.1419E-03 -6.7276E-04  3.73985E-01
  135   17.85500       1.1273E-03 -6.7224E-04  3.71213E-01
  136   17.95200       1.1131E-03 -6.7158E-04  3.68522E-01
  137   18.05000       1.0992E-03 -6.7100E-04  3.65915E-01
  138   18.14800       1.0857E-03 -6.7050E-04  3.63384E-01
  139   18.24600       1.0725E-03 -6.7003E-04  3.60913E-01
  140   18.34500       1.0595E-03 -6.6976E-04  3.58471E-01
  141   18.44500       1.0465E-03 -6.6974E-04  3.55974E-01
  142   18.54500       1.0331E-03 -6.6958E-04  3.53333E-01
  143   18.64600       1.0194E-03 -6.6898E-04  3.50543E-01
  144   18.74700       1.0057E-03 -6.6776E-04  3.47718E-01
  145   18.84900       9.9240E-04 -6.6620E-04  3.44976E-01
  146   18.95100       9.7956E-04 -6.6449E-04  3.42361E-01
  147   19.05400       9.6714E-04 -6.6289E-04  3.39859E-01
  148   19.15700       9.5510E-04 -6.6142E-04  3.37450E-01
  149   19.26200       9.4328E-04 -6.6034E-04  3.35082E-01
  150   19.36600       9.3149E-04 -6.5943E-04  3.32690E-01
  151   19.47100       9.1959E-04 -6.5849E-04  3.30223E-01
  152   19.57700       9.0764E-04 -6.5752E-04  3.27703E-01
  153   19.68300       8.9578E-04 -6.5646E-04  3.25176E-01
  154   19.79000       8.8404E-04 -6.5552E-04  3.22659E-01
  155   19.89800       8.7221E-04 -6.5486E-04  3.20069E-01
  156   20.00600       8.5997E-04 -6.5424E-04  3.17291E-01
  157   20.11400       8.4714E-04 -6.5311E-04  3.14253E-01
  158   20.22400       8.3391E-04 -6.5142E-04  3.11024E-01
  159   20.33300       8.2054E-04 -6.4885E-04  3.07700E-01
  160   20.44400       8.0733E-04 -6.4558E-04  3.04390E-01
  161   20.55500       7.9460E-04 -6.4177E-04  3.01218E-01
  162   20.66600       7.8270E-04 -6.3768E-04  2.98319E-01
  163   20.77900       7.7176E-04 -6.3415E-04  2.95746E-01
  164   20.89100       7.6108E-04 -6.3135E-04  2.93235E-01
  165   21.00500       7.4974E-04 -6.2878E-04  2.90435E-01
  166   21.11900       7.3729E-04 -6.2488E-04  2.87164E-01
  167   21.23400       7.2564E-04 -6.1933E-04  2.84160E-01
  168   21.34900       7.1654E-04 -6.1399E-04  2.82121E-01
  169   21.46500       7.0921E-04 -6.1041E-04  2.80753E-01
  170   21.58100       7.0251E-04 -6.0889E-04  2.79608E-01
  171   21.69900       6.9529E-04 -6.0918E-04  2.78238E-01
  172   21.81600       6.8646E-04 -6.1014E-04  2.76197E-01
  173   21.93500       6.7581E-04 -6.1064E-04  2.73387E-01
  174   22.05400       6.6390E-04 -6.0995E-04  2.70027E-01
  175   22.17400       6.5133E-04 -6.0798E-04  2.66352E-01
  176   22.29400       6.3861E-04 -6.0479E-04  2.62571E-01
  177   22.41500       6.2611E-04 -6.0057E-04  2.58827E-01
  178   22.53700       6.1415E-04 -5.9563E-04  2.55264E-01
  179   22.65900       6.0302E-04 -5.9035E-04  2.51998E-01
  180   22.78200       5.9265E-04 -5.8506E-04  2.49010E-01
  181   22.90600       5.8289E-04 -5.7997E-04  2.46236E-01
  182   23.03000       5.7356E-04 -5.7503E-04  2.43614E-01
  183   23.15500       5.6464E-04 -5.7021E-04  2.41127E-01
  184   23.28100       5.5617E-04 -5.6556E-04  2.38797E-01
  185   23.40700       5.4819E-04 -5.6117E-04  2.36648E-01
  186   23.53500       5.4068E-04 -5.5729E-04  2.34675E-01
  187   23.66200       5.3343E-04 -5.5399E-04  2.32784E-01
  188   23.79100       5.2616E-04 -5.5125E-04  2.30860E-01
  189   23.92000       5.1863E-04 -5.4888E-04  2.28792E-01
  190   24.05000       5.1072E-04 -5.4665E-04  2.26524E-01
  191   24.18100       5.0241E-04 -5.4440E-04  2.24051E-01
  192   24.31200       4.9371E-04 -5.4197E-04  2.21365E-01
  193   24.44400       4.8464E-04 -5.3914E-04  2.18478E-01
  194   24.57700       4.7537E-04 -5.3587E-04  2.15463E-01
  195   24.71000       4.6610E-04 -5.3210E-04  2.12410E-01
  196   24.84400       4.5705E-04 -5.2794E-04  2.09414E-01
  197   24.97900       4.4831E-04 -5.2359E-04  2.06524E-01
  198   25.11500       4.3984E-04 -5.1921E-04  2.03726E-01
  199   25.25100       4.3161E-04 -5.1482E-04  2.00999E-01
  200   25.38800       4.2356E-04 -5.1042E-04  1.98322E-01
  201   25.52600       4.1566E-04 -5.0603E-04  1.95679E-01
  202   25.66500       4.0788E-04 -5.0165E-04  1.93057E-01
  203   25.80400       4.0019E-04 -4.9726E-04  1.90445E-01
  204   25.94400       3.9256E-04 -4.9278E-04  1.87832E-01
  205   26.08500       3.8503E-04 -4.8820E-04  1.85227E-01
  206   26.22700       3.7762E-04 -4.8353E-04  1.82651E-01
  207   26.36900       3.7038E-04 -4.7875E-04  1.80121E-01
  208   26.51200       3.6335E-04 -4.7385E-04  1.77659E-01
  209   26.65600       3.5656E-04 -4.6887E-04  1.75288E-01
  210   26.80100       3.5007E-04 -4.6389E-04  1.73033E-01
  211   26.94600       3.4393E-04 -4.5893E-04  1.70919E-01
  212   27.09300       3.3816E-04 -4.5412E-04  1.68964E-01
  213   27.24000       3.3270E-04 -4.4957E-04  1.67140E-01
  214   27.38800       3.2747E-04 -4.4529E-04  1.65404E-01
  215   27.53700       3.2237E-04 -4.4131E-04  1.63714E-01
  216   27.68600       3.1732E-04 -4.3757E-04  1.62026E-01
  217   27.83600       3.1228E-04 -4.3401E-04  1.60315E-01
  218   27.98800       3.0719E-04 -4.3063E-04  1.58557E-01
  219   28.13900       3.0200E-04 -4.2735E-04  1.56728E-01
  220   28.29200       2.9669E-04 -4.2407E-04  1.54808E-01
  221   28.44600       2.9127E-04 -4.2077E-04  1.52805E-01
  222   28.60000       2.8579E-04 -4.1737E-04  1.50743E-01
  223   28.75600       2.8029E-04 -4.1387E-04  1.48646E-01
  224   28.91200       2.7483E-04 -4.1029E-04  1.46540E-01
  225   29.06900       2.6942E-04 -4.0665E-04  1.44437E-01
  226   29.22700       2.6408E-04 -4.0297E-04  1.42340E-01
  227   29.38500       2.5879E-04 -3.9925E-04  1.40248E-01
  228   29.54500       2.5356E-04 -3.9549E-04  1.38161E-01
  229   29.70500       2.4840E-04 -3.9168E-04  1.36081E-01
  230   29.86700       2.4330E-04 -3.8782E-04  1.34016E-01
  231   30.02900       2.3830E-04 -3.8394E-04  1.31973E-01
  232   30.19200       2.3340E-04 -3.8001E-04  1.29960E-01
  233   30.35600       2.2861E-04 -3.7607E-04  1.27985E-01
  234   30.52100       2.2394E-04 -3.7214E-04  1.26049E-01
  235   30.68600       2.1937E-04 -3.6822E-04  1.24151E-01
  236   30.85300       2.1491E-04 -3.6431E-04  1.22287E-01
  237   31.02000       2.1055E-04 -3.6041E-04  1.20454E-01
  238   31.18900       2.0628E-04 -3.5653E-04  1.18650E-01
  239   31.35800       2.0209E-04 -3.5268E-04  1.16875E-01
  240   31.52900       1.9800E-04 -3.4884E-04  1.15130E-01
  241   31.70000       1.9400E-04 -3.4503E-04  1.13414E-01
  242   31.87200       1.9008E-04 -3.4125E-04  1.11729E-01
  243   32.04500       1.8625E-04 -3.3749E-04  1.10073E-01
  244   32.21900       1.8251E-04 -3.3375E-04  1.08446E-01
  245   32.39400       1.7885E-04 -3.3004E-04  1.06849E-01
  246   32.57000       1.7527E-04 -3.2637E-04  1.05280E-01
  247   32.74700       1.7177E-04 -3.2273E-04  1.03739E-01
  248   32.92400       1.6835E-04 -3.1913E-04  1.02226E-01
  249   33.10300       1.6501E-04 -3.1554E-04  1.00739E-01
  250   33.28300       1.6174E-04 -3.1200E-04  9.92782E-02
  251   33.46400       1.5854E-04 -3.0850E-04  9.78422E-02
  252   33.64500       1.5541E-04 -3.0503E-04  9.64302E-02
  253   33.82800       1.5234E-04 -3.0158E-04  9.50431E-02
  254   34.01200       1.4935E-04 -2.9817E-04  9.36828E-02
  255   34.19600       1.4643E-04 -2.9480E-04  9.23511E-02
  256   34.38200       1.4359E-04 -2.9146E-04  9.10499E-02
  257   34.56900       1.4082E-04 -2.8817E-04  8.97806E-02
  258   34.75700       1.3813E-04 -2.8494E-04  8.85389E-02
  259   34.94500       1.3548E-04 -2.8179E-04  8.73167E-02
  260   35.13500       1.3288E-04 -2.7867E-04  8.61056E-02
  261   35.32600       1.3031E-04 -2.7562E-04  8.48969E-02
  262   35.51800       1.2775E-04 -2.7261E-04  8.36821E-02
  263   35.71000       1.2521E-04 -2.6962E-04  8.24599E-02
  264   35.90400       1.2269E-04 -2.6662E-04  8.12378E-02
  265   36.09900       1.2020E-04 -2.6362E-04  8.00234E-02
  266   36.29500       1.1776E-04 -2.6062E-04  7.88248E-02
  267   36.49200       1.1538E-04 -2.5762E-04  7.76503E-02
  268   36.69100       1.1306E-04 -2.5464E-04  7.65062E-02
  269   36.89000       1.1082E-04 -2.5170E-04  7.53924E-02
  270   37.09000       1.0863E-04 -2.4879E-04  7.43078E-02
  271   37.29100       1.0651E-04 -2.4590E-04  7.32514E-02
  272   37.49400       1.0445E-04 -2.4305E-04  7.22219E-02
  273   37.69800       1.0244E-04 -2.4025E-04  7.12181E-02
  274   37.90200       1.0048E-04 -2.3749E-04  7.02392E-02
  275   38.10800       9.8583E-05 -2.3477E-04  6.92847E-02
  276   38.31500       9.6733E-05 -2.3210E-04  6.83540E-02
  277   38.52300       9.4934E-05 -2.2949E-04  6.74467E-02
  278   38.73200       9.3183E-05 -2.2693E-04  6.65621E-02
  279   38.94300       9.1475E-05 -2.2444E-04  6.56973E-02
  280   39.15400       8.9792E-05 -2.2204E-04  6.48385E-02
  281   39.36700       8.8108E-05 -2.1971E-04  6.39678E-02
  282   39.58000       8.6398E-05 -2.1746E-04  6.30669E-02
  283   39.79500       8.4637E-05 -2.1524E-04  6.21170E-02
  284   40.01100       8.2799E-05 -2.1304E-04  6.10984E-02
  285   40.22900       8.0872E-05 -2.1081E-04  6.00002E-02
  286   40.44700       7.8880E-05 -2.0849E-04  5.88403E-02
  287   40.66700       7.6858E-05 -2.0605E-04  5.76433E-02
  288   40.88700       7.4841E-05 -2.0348E-04  5.64350E-02
  289   41.10900       7.2897E-05 -2.0073E-04  5.52679E-02
  290   41.33300       7.1149E-05 -1.9784E-04  5.42352E-02
  291   41.55700       6.9688E-05 -1.9497E-04  5.34098E-02
  292   41.78300       6.8475E-05 -1.9221E-04  5.27656E-02
  293   42.01000       6.7442E-05 -1.8963E-04  5.22518E-02
  294   42.23800       6.6518E-05 -1.8726E-04  5.18156E-02
  295   42.46700       6.5631E-05 -1.8509E-04  5.14026E-02
  296   42.69800       6.4711E-05 -1.8309E-04  5.09565E-02
  297   42.93000       6.3690E-05 -1.8120E-04  5.04253E-02
  298   43.16300       6.2567E-05 -1.7935E-04  4.98054E-02
  299   43.39700       6.1372E-05 -1.7747E-04  4.91189E-02
  300   43.63300       6.0133E-05 -1.7556E-04  4.83888E-02
  301   43.87000       5.8881E-05 -1.7361E-04  4.76387E-02
  302   44.10800       5.7647E-05 -1.7162E-04  4.68931E-02
  303   44.34700       5.6460E-05 -1.6960E-04  4.61773E-02
  304   44.58800       5.5339E-05 -1.6759E-04  4.55058E-02
  305   44.83000       5.4274E-05 -1.6560E-04  4.48730E-02
  306   45.07400       5.3257E-05 -1.6365E-04  4.42708E-02
  307   45.31800       5.2276E-05 -1.6175E-04  4.36911E-02
  308   45.56400       5.1320E-05 -1.5989E-04  4.31252E-02
  309   45.81200       5.0379E-05 -1.5807E-04  4.25644E-02
  310   46.06100       4.9442E-05 -1.5628E-04  4.19999E-02
  311   46.31100       4.8507E-05 -1.5453E-04  4.14289E-02
  312   46.56200       4.7576E-05 -1.5279E-04  4.08543E-02
  313   46.81500       4.6652E-05 -1.5106E-04  4.02789E-02
  314   47.06900       4.5740E-05 -1.4934E-04  3.97059E-02
  315   47.32500       4.4843E-05 -1.4763E-04  3.91382E-02
  316   47.58200       4.3964E-05 -1.4594E-04  3.85793E-02
  317   47.84000       4.3106E-05 -1.4426E-04  3.80323E-02
  318   48.10000       4.2271E-05 -1.4260E-04  3.74981E-02
  319   48.36100       4.1457E-05 -1.4095E-04  3.69755E-02
  320   48.62400       4.0662E-05 -1.3933E-04  3.64635E-02
  321   48.88800       3.9885E-05 -1.3773E-04  3.59610E-02
  322   49.15300       3.9124E-05 -1.3616E-04  3.54665E-02
  323   49.42000       3.8378E-05 -1.3460E-04  3.49790E-02
  324   49.68800       3.7645E-05 -1.3307E-04  3.44970E-02
  325   49.95800       3.6924E-05 -1.3156E-04  3.40198E-02
  326   50.22900       3.6214E-05 -1.3006E-04  3.35470E-02
  327   50.50200       3.5515E-05 -1.2858E-04  3.30785E-02
  328   50.77600       3.4828E-05 -1.2713E-04  3.26141E-02
  329   51.05200       3.4150E-05 -1.2568E-04  3.21535E-02
  330   51.32900       3.3483E-05 -1.2426E-04  3.16967E-02
  331   51.60800       3.2826E-05 -1.2285E-04  3.12433E-02
  332   51.88800       3.2178E-05 -1.2145E-04  3.07931E-02
  333   52.17000       3.1540E-05 -1.2007E-04  3.03465E-02
  334   52.45300       3.0912E-05 -1.1870E-04  2.99036E-02
  335   52.73800       3.0294E-05 -1.1735E-04  2.94651E-02
  336   53.02400       2.9687E-05 -1.1601E-04  2.90311E-02
  337   53.31200       2.9091E-05 -1.1468E-04  2.86022E-02
  338   53.60200       2.8505E-05 -1.1336E-04  2.81787E-02
  339   53.89300       2.7931E-05 -1.1206E-04  2.77610E-02
  340   54.18600       2.7368E-05 -1.1077E-04  2.73497E-02
  341   54.48000       2.6817E-05 -1.0950E-04  2.69446E-02
  342   54.77600       2.6278E-05 -1.0823E-04  2.65458E-02
  343   55.07300       2.5749E-05 -1.0699E-04  2.61533E-02
  344   55.37200       2.5232E-05 -1.0575E-04  2.57671E-02
  345   55.67300       2.4726E-05 -1.0453E-04  2.53871E-02
  346   55.97500       2.4230E-05 -1.0332E-04  2.50133E-02
  347   56.27900       2.3745E-05 -1.0212E-04  2.46456E-02
  348   56.58500       2.3270E-05 -1.0094E-04  2.42841E-02
  349   56.89200       2.2806E-05 -9.9771E-05  2.39286E-02
  350   57.20100       2.2351E-05 -9.8616E-05  2.35788E-02
  351   57.51100       2.1906E-05 -9.7476E-05  2.32346E-02
  352   57.82400       2.1470E-05 -9.6346E-05  2.28957E-02
  353   58.13800       2.1043E-05 -9.5233E-05  2.25619E-02
  354   58.45300       2.0624E-05 -9.4133E-05  2.22330E-02
  355   58.77100       2.0213E-05 -9.3043E-05  2.19087E-02
  356   59.09000       1.9810E-05 -9.1968E-05  2.15887E-02
  357   59.41100       1.9415E-05 -9.0905E-05  2.12729E-02
  358   59.73300       1.9028E-05 -8.9855E-05  2.09614E-02
  359   60.05800       1.8648E-05 -8.8813E-05  2.06542E-02
  360   60.38400       1.8275E-05 -8.7785E-05  2.03515E-02
  361   60.71200       1.7910E-05 -8.6768E-05  2.00534E-02
  362   61.04100       1.7553E-05 -8.5764E-05  1.97601E-02
  363   61.37300       1.7203E-05 -8.4768E-05  1.94717E-02
  364   61.70600       1.6861E-05 -8.3786E-05  1.91883E-02
  365   62.04100       1.6527E-05 -8.2814E-05  1.89100E-02
  366   62.37800       1.6200E-05 -8.1853E-05  1.86369E-02
  367   62.71700       1.5881E-05 -8.0904E-05  1.83688E-02
  368   63.05700       1.5569E-05 -7.9968E-05  1.81055E-02
  369   63.39900       1.5264E-05 -7.9043E-05  1.78469E-02
  370   63.74400       1.4965E-05 -7.8127E-05  1.75925E-02
  371   64.09000       1.4672E-05 -7.7225E-05  1.73423E-02
  372   64.43800       1.4386E-05 -7.6333E-05  1.70959E-02
  373   64.78800       1.4105E-05 -7.5453E-05  1.68532E-02
  374   65.14000       1.3829E-05 -7.4584E-05  1.66137E-02
  375   65.49300       1.3559E-05 -7.3727E-05  1.63773E-02
  376   65.84900       1.3293E-05 -7.2879E-05  1.61437E-02
  377   66.20600       1.3033E-05 -7.2043E-05  1.59130E-02
  378   66.56600       1.2777E-05 -7.1214E-05  1.56850E-02
  379   66.92700       1.2525E-05 -7.0398E-05  1.54597E-02
  380   67.29100       1.2278E-05 -6.9589E-05  1.52370E-02
  381   67.65600       1.2035E-05 -6.8792E-05  1.50167E-02
  382   68.02300       1.1796E-05 -6.8003E-05  1.47989E-02
  383   68.39300       1.1562E-05 -6.7222E-05  1.45833E-02
  384   68.76400       1.1331E-05 -6.6452E-05  1.43700E-02
  385   69.13800       1.1104E-05 -6.5689E-05  1.41588E-02
  386   69.51300       1.0881E-05 -6.4937E-05  1.39497E-02
  387   69.89000       1.0662E-05 -6.4192E-05  1.37428E-02
  388   70.27000       1.0447E-05 -6.3453E-05  1.35384E-02
  389   70.65200       1.0235E-05 -6.2723E-05  1.33364E-02
  390   71.03500       1.0028E-05 -6.2003E-05  1.31370E-02
  391   71.42100       9.8242E-06 -6.1288E-05  1.29403E-02
  392   71.80900       9.6248E-06 -6.0582E-05  1.27465E-02
  393   72.19900       9.4296E-06 -5.9883E-05  1.25557E-02
  394   72.59100       9.2384E-06 -5.9192E-05  1.23680E-02
  395   72.98500       9.0515E-06 -5.8509E-05  1.21836E-02
  396   73.38100       8.8688E-06 -5.7834E-05  1.20025E-02
  397   73.78000       8.6902E-06 -5.7165E-05  1.18246E-02
  398   74.18000       8.5156E-06 -5.6506E-05  1.16499E-02
  399   74.58300       8.3448E-06 -5.5853E-05  1.14782E-02
  400   74.98800       8.1776E-06 -5.5208E-05  1.13094E-02
  401   75.39500       8.0141E-06 -5.4572E-05  1.11434E-02
  402   75.80400       7.8539E-06 -5.3943E-05  1.09800E-02
  403   76.21600       7.6971E-06 -5.3320E-05  1.08192E-02
  404   76.63000       7.5435E-06 -5.2706E-05  1.06608E-02
  405   77.04600       7.3928E-06 -5.2099E-05  1.05046E-02
  406   77.46400       7.2450E-06 -5.1499E-05  1.03505E-02
  407   77.88500       7.0999E-06 -5.0906E-05  1.01983E-02
  408   78.30800       6.9576E-06 -5.0320E-05  1.00481E-02
  409   78.73300       6.8179E-06 -4.9741E-05  9.89982E-03
  410   79.16100       6.6808E-06 -4.9169E-05  9.75346E-03
  411   79.59000       6.5463E-06 -4.8604E-05  9.60904E-03
  412   80.02300       6.4144E-06 -4.8043E-05  9.46656E-03
  413   80.45700       6.2851E-06 -4.7491E-05  9.32602E-03
  414   80.89400       6.1582E-06 -4.6944E-05  9.18742E-03
  415   81.33300       6.0339E-06 -4.6404E-05  9.05076E-03
  416   81.77500       5.9120E-06 -4.5869E-05  8.91603E-03
  417   82.21900       5.7925E-06 -4.5340E-05  8.78325E-03
  418   82.66500       5.6753E-06 -4.4819E-05  8.65239E-03
  419   83.11400       5.5606E-06 -4.4302E-05  8.52347E-03
  420   83.56600       5.4481E-06 -4.3791E-05  8.39646E-03
  421   84.01900       5.3380E-06 -4.3286E-05  8.27136E-03
  422   84.47600       5.2301E-06 -4.2787E-05  8.14817E-03
  423   84.93400       5.1244E-06 -4.2294E-05  8.02685E-03
  424   85.39500       5.0209E-06 -4.1806E-05  7.90741E-03
  425   85.85900       4.9195E-06 -4.1324E-05  7.78983E-03
  426   86.32500       4.8202E-06 -4.0847E-05  7.67408E-03
  427   86.79400       4.7230E-06 -4.0375E-05  7.56016E-03
  428   87.26500       4.6279E-06 -3.9910E-05  7.44804E-03
  429   87.73900       4.5347E-06 -3.9449E-05  7.33771E-03
  430   88.21600       4.4435E-06 -3.8993E-05  7.22914E-03
  431   88.69500       4.3542E-06 -3.8542E-05  7.12231E-03
  432   89.17600       4.2667E-06 -3.8098E-05  7.01722E-03
  433   89.66000       4.1812E-06 -3.7658E-05  6.91391E-03
  434   90.14700       4.0976E-06 -3.7222E-05  6.81242E-03
  435   90.63700       4.0159E-06 -3.6791E-05  6.71279E-03
  436   91.12900       3.9360E-06 -3.6366E-05  6.61509E-03
  437   91.62400       3.8581E-06 -3.5945E-05  6.51934E-03
  438   92.12100       3.7821E-06 -3.5529E-05  6.42559E-03
  439   92.62100       3.7080E-06 -3.5118E-05  6.33391E-03
  440   93.12400       3.6358E-06 -3.4712E-05  6.24432E-03
  441   93.63000       3.5655E-06 -3.4310E-05  6.15689E-03
  442   94.13800       3.4972E-06 -3.3913E-05  6.07167E-03
  443   94.65000       3.4308E-06 -3.3520E-05  5.98870E-03
  444   95.16300       3.3663E-06 -3.3133E-05  5.90804E-03
  445   95.68000       3.3037E-06 -3.2751E-05  5.82973E-03
  446   96.20000       3.2430E-06 -3.2373E-05  5.75366E-03
  447   96.72200       3.1840E-06 -3.2001E-05  5.67958E-03
  448   97.24700       3.1265E-06 -3.1634E-05  5.60724E-03
  449   97.77500       3.0703E-06 -3.1271E-05  5.53636E-03
  450   98.30600       3.0152E-06 -3.0914E-05  5.46668E-03
  451   98.84000       2.9612E-06 -3.0562E-05  5.39790E-03
  452   99.37700       2.9080E-06 -3.0215E-05  5.32974E-03
  453   99.91600       2.8555E-06 -2.9873E-05  5.26188E-03
  454   100.4590       2.8035E-06 -2.9535E-05  5.19402E-03
  455   101.0040       2.7517E-06 -2.9203E-05  5.12583E-03
  456   101.5530       2.7001E-06 -2.8874E-05  5.05697E-03
  457   102.1040       2.6484E-06 -2.8550E-05  4.98709E-03
  458   102.6590       2.5965E-06 -2.8230E-05  4.91584E-03
  459   103.2160       2.5441E-06 -2.7914E-05  4.84285E-03
  460   103.7770       2.4911E-06 -2.7601E-05  4.76780E-03
  461   104.3400       2.4377E-06 -2.7292E-05  4.69086E-03
  462   104.9070       2.3840E-06 -2.6984E-05  4.61242E-03
  463   105.4760       2.3302E-06 -2.6679E-05  4.53288E-03
  464   106.0490       2.2766E-06 -2.6376E-05  4.45265E-03
  465   106.6250       2.2234E-06 -2.6076E-05  4.37218E-03
  466   107.2040       2.1708E-06 -2.5777E-05  4.29189E-03
  467   107.7860       2.1190E-06 -2.5480E-05  4.21224E-03
  468   108.3710       2.0683E-06 -2.5185E-05  4.13372E-03
  469   108.9600       2.0188E-06 -2.4892E-05  4.05680E-03
  470   109.5510       1.9709E-06 -2.4601E-05  3.98199E-03
  471   110.1460       1.9247E-06 -2.4312E-05  3.90981E-03
  472   110.7440       1.8805E-06 -2.4024E-05  3.84079E-03
  473   111.3450       1.8386E-06 -2.3739E-05  3.77549E-03
  474   111.9500       1.7991E-06 -2.3456E-05  3.71448E-03
  475   112.5580       1.7623E-06 -2.3176E-05  3.65833E-03
  476   113.1690       1.7285E-06 -2.2899E-05  3.60767E-03
  477   113.7840       1.6980E-06 -2.2625E-05  3.56309E-03
  478   114.4010       1.6708E-06 -2.2356E-05  3.52513E-03
  479   115.0230       1.6465E-06 -2.2092E-05  3.49272E-03
  480   115.6470       1.6240E-06 -2.1835E-05  3.46370E-03
  481   116.2750       1.6022E-06 -2.1583E-05  3.43579E-03
  482   116.9060       1.5801E-06 -2.1337E-05  3.40678E-03
  483   117.5410       1.5567E-06 -2.1096E-05  3.37450E-03
  484   118.1800       1.5309E-06 -2.0859E-05  3.33674E-03
  485   118.8210       1.5024E-06 -2.0625E-05  3.29239E-03
  486   119.4660       1.4717E-06 -2.0392E-05  3.24244E-03
  487   120.1150       1.4392E-06 -2.0159E-05  3.18816E-03
  488   120.7670       1.4064E-06 -1.9925E-05  3.13241E-03
  489   121.4230       1.3763E-06 -1.9689E-05  3.08194E-03
  490   122.0820       1.3521E-06 -1.9453E-05  3.04427E-03
  491   122.7450       1.3354E-06 -1.9222E-05  3.02295E-03
  492   123.4120       1.3224E-06 -1.8999E-05  3.00988E-03
  493   124.0820       1.3087E-06 -1.8786E-05  2.99469E-03
  494   124.7560       1.2906E-06 -1.8579E-05  2.96944E-03
  495   125.4330       1.2682E-06 -1.8375E-05  2.93382E-03
  496   126.1140       1.2421E-06 -1.8171E-05  2.88891E-03
  497   126.7990       1.2132E-06 -1.7967E-05  2.83705E-03
  498   127.4870       1.1840E-06 -1.7760E-05  2.78378E-03
  499   128.1800       1.1571E-06 -1.7552E-05  2.73524E-03
  500   128.8760       1.1340E-06 -1.7345E-05  2.69530E-03
  501   129.5750       1.1145E-06 -1.7140E-05  2.66319E-03
  502   130.2790       1.0978E-06 -1.6938E-05  2.63755E-03
  503   130.9860       1.0835E-06 -1.6740E-05  2.61738E-03
  504   131.6980       1.0713E-06 -1.6547E-05  2.60212E-03
  505   132.4130       1.0610E-06 -1.6359E-05  2.59092E-03
  506   133.1320       1.0500E-06 -1.6179E-05  2.57799E-03
  507   133.8550       1.0343E-06 -1.6005E-05  2.55330E-03
  508   134.5810       1.0106E-06 -1.5833E-05  2.50842E-03
  509   135.3120       9.8184E-07 -1.5657E-05  2.45018E-03
  510   136.0470       9.5361E-07 -1.5475E-05  2.39265E-03
  511   136.7860       9.3033E-07 -1.5291E-05  2.34691E-03
  512   137.5280       9.1184E-07 -1.5108E-05  2.31277E-03
  513   138.2750       8.9706E-07 -1.4928E-05  2.28763E-03
  514   139.0260       8.8470E-07 -1.4753E-05  2.26836E-03
  515   139.7810       8.7325E-07 -1.4582E-05  2.25116E-03
  516   140.5400       8.6131E-07 -1.4414E-05  2.23245E-03
  517   141.3030       8.4906E-07 -1.4249E-05  2.21264E-03
  518   142.0700       8.3755E-07 -1.4086E-05  2.19449E-03
  519   142.8420       8.2703E-07 -1.3927E-05  2.17871E-03
  520   143.6170       8.1521E-07 -1.3773E-05  2.15923E-03
  521   144.3970       7.9942E-07 -1.3620E-05  2.12890E-03
  522   145.1810       7.8034E-07 -1.3467E-05  2.08937E-03
  523   145.9700       7.6199E-07 -1.3310E-05  2.05130E-03
  524   146.7620       7.4781E-07 -1.3153E-05  2.02406E-03
  525   147.5590       7.3800E-07 -1.2999E-05  2.00837E-03
  526   148.3600       7.3182E-07 -1.2850E-05  2.00236E-03
  527   149.1660       7.2796E-07 -1.2709E-05  2.00262E-03
  528   149.9760       7.2453E-07 -1.2594E-05  2.00400E-03
  529   150.7900       6.5679E-07 -1.2453E-05  1.82649E-03
  530   151.6090       6.4610E-07 -1.2285E-05  1.80653E-03
  531   152.4320       6.3558E-07 -1.2135E-05  1.78675E-03
  532   153.2600       6.2522E-07 -1.1991E-05  1.76717E-03
  533   154.0920       6.1501E-07 -1.1849E-05  1.74778E-03
  534   154.9290       6.0497E-07 -1.1709E-05  1.72856E-03
  535   155.7700       5.9508E-07 -1.1572E-05  1.70954E-03
  536   156.6160       5.8534E-07 -1.1436E-05  1.69068E-03
  537   157.4660       5.7574E-07 -1.1302E-05  1.67199E-03
  538   158.3210       5.6629E-07 -1.1170E-05  1.65348E-03
  539   159.1810       5.5698E-07 -1.1039E-05  1.63514E-03
  540   160.0450       5.4781E-07 -1.0910E-05  1.61695E-03
  541   160.9140       5.3878E-07 -1.0783E-05  1.59893E-03
  542   161.7880       5.2989E-07 -1.0657E-05  1.58106E-03
  543   162.6670       5.2112E-07 -1.0532E-05  1.56335E-03
  544   163.5500       5.1249E-07 -1.0409E-05  1.54580E-03
  545   164.4380       5.0398E-07 -1.0287E-05  1.52840E-03
  546   165.3310       4.9560E-07 -1.0167E-05  1.51114E-03
  547   166.2280       4.8734E-07 -1.0048E-05  1.49403E-03
  548   167.1310       4.7921E-07 -9.9304E-06  1.47707E-03
  549   168.0390       4.7119E-07 -9.8140E-06  1.46025E-03
  550   168.9510       4.6330E-07 -9.6989E-06  1.44358E-03
  551   169.8680       4.5552E-07 -9.5852E-06  1.42704E-03
  552   170.7910       4.4785E-07 -9.4725E-06  1.41064E-03
  553   171.7180       4.4030E-07 -9.3612E-06  1.39438E-03
  554   172.6510       4.3286E-07 -9.2510E-06  1.37826E-03
  555   173.5880       4.2552E-07 -9.1421E-06  1.36227E-03
  556   174.5310       4.1830E-07 -9.0343E-06  1.34641E-03
  557   175.4780       4.1118E-07 -8.9277E-06  1.33068E-03
  558   176.4310       4.0417E-07 -8.8222E-06  1.31509E-03
  559   177.3890       3.9726E-07 -8.7178E-06  1.29963E-03
  560   178.3520       3.9045E-07 -8.6145E-06  1.28429E-03
  561   179.3210       3.8374E-07 -8.5123E-06  1.26909E-03
  562   180.2940       3.7714E-07 -8.4112E-06  1.25401E-03
  563   181.2730       3.7063E-07 -8.3112E-06  1.23906E-03
  564   182.2580       3.6421E-07 -8.2121E-06  1.22423E-03
  565   183.2470       3.5790E-07 -8.1142E-06  1.20953E-03
  566   184.2420       3.5168E-07 -8.0172E-06  1.19496E-03
  567   185.2430       3.4554E-07 -7.9211E-06  1.18050E-03
  568   186.2490       3.3951E-07 -7.8261E-06  1.16617E-03
  569   187.2600       3.3356E-07 -7.7321E-06  1.15196E-03
  570   188.2770       3.2770E-07 -7.6390E-06  1.13787E-03
  571   189.2990       3.2193E-07 -7.5469E-06  1.12390E-03
  572   190.3270       3.1625E-07 -7.4556E-06  1.11006E-03
  573   191.3600       3.1065E-07 -7.3654E-06  1.09633E-03
  574   192.3990       3.0513E-07 -7.2759E-06  1.08272E-03
  575   193.4440       2.9970E-07 -7.1874E-06  1.06922E-03
  576   194.4950       2.9436E-07 -7.0997E-06  1.05585E-03
  577   195.5510       2.8909E-07 -7.0129E-06  1.04259E-03
  578   196.6120       2.8391E-07 -6.9269E-06  1.02945E-03
  579   197.6800       2.7880E-07 -6.8418E-06  1.01643E-03
  580   198.7530       2.7377E-07 -6.7574E-06  1.00352E-03
  581   199.8330       2.6882E-07 -6.6738E-06  9.90730E-04
  582   200.9180       2.6395E-07 -6.5911E-06  9.78053E-04
  583   202.0090       2.5915E-07 -6.5091E-06  9.65490E-04
  584   203.1060       2.5443E-07 -6.4279E-06  9.53040E-04
  585   204.2080       2.4978E-07 -6.3475E-06  9.40705E-04
  586   205.3170       2.4520E-07 -6.2677E-06  9.28482E-04
  587   206.4320       2.4070E-07 -6.1886E-06  9.16371E-04
  588   207.5530       2.3626E-07 -6.1103E-06  9.04373E-04
  589   208.6800       2.3190E-07 -6.0326E-06  8.92487E-04
  590   209.8130       2.2760E-07 -5.9557E-06  8.80711E-04
  591   210.9520       2.2338E-07 -5.8793E-06  8.69046E-04
  592   212.0980       2.1922E-07 -5.8036E-06  8.57492E-04
  593   213.2500       2.1512E-07 -5.7285E-06  8.46047E-04
  594   214.4070       2.1109E-07 -5.6542E-06  8.34711E-04
  595   215.5720       2.0713E-07 -5.5803E-06  8.23484E-04
  596   216.7420       2.0323E-07 -5.5070E-06  8.12366E-04
  597   217.9190       1.9939E-07 -5.4343E-06  8.01357E-04
  598   219.1020       1.9562E-07 -5.3621E-06  7.90454E-04
  599   220.2920       1.9190E-07 -5.2905E-06  7.79659E-04
  600   221.4880       1.8825E-07 -5.2193E-06  7.68970E-04
  601   222.6910       1.8466E-07 -5.1487E-06  7.58386E-04
  602   223.9000       1.8112E-07 -5.0785E-06  7.47909E-04
  603   225.1160       1.7765E-07 -5.0088E-06  7.37537E-04
  604   226.3380       1.7423E-07 -4.9395E-06  7.27270E-04
  605   227.5670       1.7087E-07 -4.8706E-06  7.17106E-04
  606   228.8030       1.6756E-07 -4.8021E-06  7.07046E-04
  607   230.0450       1.6431E-07 -4.7339E-06  6.97090E-04
  608   231.2940       1.6111E-07 -4.6661E-06  6.87235E-04
  609   232.5500       1.5797E-07 -4.5986E-06  6.77484E-04
  610   233.8130       1.5487E-07 -4.5313E-06  6.67833E-04
  611   235.0830       1.5184E-07 -4.4643E-06  6.58284E-04
  612   236.3590       1.4885E-07 -4.3975E-06  6.48835E-04
  613   237.6420       1.4591E-07 -4.3309E-06  6.39487E-04
  614   238.9330       1.4302E-07 -4.2644E-06  6.30238E-04
  615   240.2300       1.4019E-07 -4.1981E-06  6.21088E-04
  616   241.5350       1.3740E-07 -4.1317E-06  6.12036E-04
  617   242.8460       1.3466E-07 -4.0654E-06  6.03083E-04
  618   244.1650       1.3196E-07 -3.9990E-06  5.94226E-04
  619   245.4910       1.2931E-07 -3.9325E-06  5.85467E-04
  620   246.8240       1.2671E-07 -3.8658E-06  5.76803E-04
  621   248.1640       1.2416E-07 -3.7988E-06  5.68235E-04
  622   249.5110       1.2164E-07 -3.7316E-06  5.59762E-04
  623   250.8660       1.1918E-07 -3.6639E-06  5.51383E-04
  624   252.2280       1.1675E-07 -3.5957E-06  5.43099E-04
  625   253.5980       1.1437E-07 -3.5268E-06  5.34908E-04
  626   254.9750       1.1203E-07 -3.4571E-06  5.26810E-04
  627   256.3590       1.0973E-07 -3.3865E-06  5.18803E-04
  628   257.7510       1.0747E-07 -3.3148E-06  5.10888E-04
  629   259.1510       1.0526E-07 -3.2417E-06  5.03064E-04
  630   260.5580       1.0308E-07 -3.1671E-06  4.95330E-04
  631   261.9730       1.0094E-07 -3.0906E-06  4.87686E-04
  632   263.3950       9.8840E-08 -3.0118E-06  4.80132E-04
  633   264.8260       9.6777E-08 -2.9304E-06  4.72666E-04
  634   266.2640       9.4752E-08 -2.8457E-06  4.65287E-04
  635   267.7090       9.2763E-08 -2.7572E-06  4.57995E-04
  636   269.1630       9.0811E-08 -2.6639E-06  4.50790E-04
  637   270.6240       8.8894E-08 -2.5648E-06  4.43672E-04
  638   272.0940       8.7013E-08 -2.4582E-06  4.36638E-04
  639   273.5710       8.5165E-08 -2.3423E-06  4.29689E-04
  640   275.0570       8.3352E-08 -2.2141E-06  4.22824E-04
  641   276.5500       8.1573E-08 -2.0693E-06  4.16043E-04
  642   278.0520       7.9826E-08 -1.9014E-06  4.09345E-04
  643   279.5620       7.8111E-08 -1.6993E-06  4.02729E-04
  644   281.0800       7.6429E-08 -1.4431E-06  3.96193E-04
  645   282.6060       7.4778E-08 -1.0906E-06  3.89740E-04
  646   284.1410       7.3157E-08 -5.3011E-07  3.83363E-04
  647   285.6830       7.1569E-08  1.4883E-06  3.77080E-04
  648   287.2350       4.9329E-06  8.0525E-07  2.61312E-02
  649   288.7940       4.0391E-06 -2.2142E-06  2.15128E-02
  650   290.3620       2.6684E-06 -2.6396E-06  1.42896E-02
  651   291.9390       2.6142E-06 -2.5031E-06  1.40749E-02
  652   293.5240       2.3689E-06 -2.6243E-06  1.28237E-02
  653   295.1180       2.2563E-06 -2.6491E-06  1.22801E-02
  654   296.7210       2.1583E-06 -2.6728E-06  1.18110E-02
  655   298.3320       2.1183E-06 -2.6875E-06  1.16549E-02
  656   299.9520       2.1079E-06 -2.7360E-06  1.16607E-02
  657   301.5800       2.0851E-06 -2.8286E-06  1.15970E-02
  658   303.2180       1.9962E-06 -2.9237E-06  1.11627E-02
  659   304.8640       1.8739E-06 -2.9624E-06  1.05362E-02
  660   306.5200       1.7844E-06 -2.9513E-06  1.00874E-02
  661   308.1840       1.7382E-06 -2.9395E-06  9.87934E-03
  662   309.8580       1.6966E-06 -2.9451E-06  9.69531E-03
  663   311.5400       1.6494E-06 -2.9563E-06  9.47674E-03
  664   313.2320       1.5935E-06 -2.9606E-06  9.20549E-03
  665   314.9320       1.5434E-06 -2.9541E-06  8.96422E-03
  666   316.6430       1.5050E-06 -2.9498E-06  8.78859E-03
  667   318.3620       1.4603E-06 -2.9509E-06  8.57379E-03
  668   320.0910       1.4074E-06 -2.9434E-06  8.30800E-03
  669   321.8290       1.3643E-06 -2.9301E-06  8.09780E-03
  670   323.5760       1.3179E-06 -2.9155E-06  7.86475E-03
  671   325.3330       1.2737E-06 -2.8932E-06  7.64227E-03
  672   327.1000       1.2384E-06 -2.8685E-06  7.47087E-03
  673   328.8760       1.2049E-06 -2.8452E-06  7.30812E-03
  674   330.6610       1.1726E-06 -2.8203E-06  7.15063E-03
  675   332.4570       1.1433E-06 -2.7933E-06  7.00988E-03
  676   334.2620       1.1182E-06 -2.7661E-06  6.89323E-03
  677   336.0770       1.0947E-06 -2.7402E-06  6.78508E-03
  678   337.9020       1.0688E-06 -2.7080E-06  6.66040E-03
  679   339.7370       1.0603E-06 -2.6741E-06  6.64322E-03
  680   341.5820       1.0577E-06 -2.6535E-06  6.66327E-03
  681   343.4360       1.0432E-06 -2.6292E-06  6.60763E-03
  682   345.3010       1.0654E-06 -2.6382E-06  6.78456E-03
  683   347.1760       9.7668E-07 -2.5749E-06  6.25347E-03
  684   349.0610       1.1754E-06 -2.6428E-06  7.56651E-03
  685   350.9570       9.1816E-07 -2.7217E-06  5.94284E-03
  686   352.8620       9.0119E-07 -2.6183E-06  5.86464E-03
  687   354.7780       8.8452E-07 -2.5810E-06  5.78742E-03
  688   356.7050       8.6815E-07 -2.5513E-06  5.71118E-03
  689   358.6420       8.5208E-07 -2.5249E-06  5.63590E-03
  690   360.5890       8.3630E-07 -2.5002E-06  5.56156E-03
  691   362.5470       8.2081E-07 -2.4767E-06  5.48817E-03
  692   364.5150       8.0560E-07 -2.4539E-06  5.41570E-03
  693   366.4950       7.9066E-07 -2.4317E-06  5.34414E-03
  694   368.4850       7.7599E-07 -2.4098E-06  5.27349E-03
  695   370.4860       7.6159E-07 -2.3883E-06  5.20373E-03
  696   372.4970       7.4745E-07 -2.3670E-06  5.13486E-03
  697   374.5200       7.3357E-07 -2.3459E-06  5.06685E-03
  698   376.5540       7.1994E-07 -2.3251E-06  4.99971E-03
  699   378.5980       7.0656E-07 -2.3043E-06  4.93342E-03
  700   380.6540       6.9342E-07 -2.2838E-06  4.86797E-03
  701   382.7210       6.8052E-07 -2.2633E-06  4.80335E-03
  702   384.7990       6.6786E-07 -2.2430E-06  4.73955E-03
  703   386.8880       6.5542E-07 -2.2229E-06  4.67656E-03
  704   388.9890       6.4321E-07 -2.2028E-06  4.61437E-03
  705   391.1010       6.3123E-07 -2.1829E-06  4.55298E-03
  706   393.2250       6.1946E-07 -2.1631E-06  4.49236E-03
  707   395.3600       6.0791E-07 -2.1434E-06  4.43252E-03
  708   397.5070       5.9657E-07 -2.1238E-06  4.37344E-03
  709   399.6650       5.8543E-07 -2.1043E-06  4.31511E-03
  710   401.8350       5.7450E-07 -2.0849E-06  4.25753E-03
  711   404.0170       5.6377E-07 -2.0657E-06  4.20068E-03
  712   406.2110       5.5323E-07 -2.0466E-06  4.14456E-03
  713   408.4170       5.4289E-07 -2.0275E-06  4.08916E-03
  714   410.6350       5.3273E-07 -2.0086E-06  4.03446E-03
  715   412.8640       5.2277E-07 -1.9898E-06  3.98047E-03
  716   415.1060       5.1298E-07 -1.9712E-06  3.92717E-03
  717   417.3600       5.0337E-07 -1.9526E-06  3.87455E-03
  718   419.6260       4.9394E-07 -1.9342E-06  3.82261E-03
  719   421.9050       4.8469E-07 -1.9158E-06  3.77133E-03
  720   424.1960       4.7560E-07 -1.8976E-06  3.72071E-03
  721   426.4990       4.6668E-07 -1.8796E-06  3.67075E-03
  722   428.8150       4.5792E-07 -1.8616E-06  3.62142E-03
  723   431.1430       4.4932E-07 -1.8438E-06  3.57273E-03
  724   433.4840       4.4088E-07 -1.8261E-06  3.52467E-03
  725   435.8380       4.3260E-07 -1.8085E-06  3.47722E-03
  726   438.2050       4.2447E-07 -1.7910E-06  3.43039E-03
  727   440.5840       4.1649E-07 -1.7736E-06  3.38416E-03
  728   442.9760       4.0865E-07 -1.7564E-06  3.33853E-03
  729   445.3820       4.0096E-07 -1.7393E-06  3.29349E-03
  730   447.8000       3.9341E-07 -1.7224E-06  3.24903E-03
  731   450.2320       3.8600E-07 -1.7055E-06  3.20515E-03
  732   452.6760       3.7873E-07 -1.6888E-06  3.16183E-03
  733   455.1340       3.7159E-07 -1.6722E-06  3.11907E-03
  734   457.6060       3.6458E-07 -1.6558E-06  3.07687E-03
  735   460.0900       3.5771E-07 -1.6394E-06  3.03522E-03
  736   462.5890       3.5096E-07 -1.6232E-06  2.99410E-03
  737   465.1000       3.4433E-07 -1.6071E-06  2.95352E-03
  738   467.6260       3.3782E-07 -1.5912E-06  2.91347E-03
  739   470.1650       3.3144E-07 -1.5754E-06  2.87394E-03
  740   472.7180       3.2518E-07 -1.5597E-06  2.83492E-03
  741   475.2850       3.1903E-07 -1.5441E-06  2.79641E-03
  742   477.8660       3.1299E-07 -1.5286E-06  2.75840E-03
  743   480.4600       3.0707E-07 -1.5133E-06  2.72088E-03
  744   483.0690       3.0125E-07 -1.4981E-06  2.68386E-03
  745   485.6920       2.9555E-07 -1.4831E-06  2.64732E-03
  746   488.3300       2.8995E-07 -1.4681E-06  2.61125E-03
  747   490.9810       2.8445E-07 -1.4533E-06  2.57566E-03
  748   493.6470       2.7905E-07 -1.4386E-06  2.54053E-03
  749   496.3280       2.7376E-07 -1.4241E-06  2.50586E-03
  750   499.0230       2.6856E-07 -1.4096E-06  2.47164E-03
  751   501.7320       2.6346E-07 -1.3953E-06  2.43788E-03
  752   504.4570       2.5846E-07 -1.3811E-06  2.40455E-03
  753   507.1960       2.5355E-07 -1.3671E-06  2.37166E-03
  754   509.9500       2.4873E-07 -1.3531E-06  2.33921E-03
  755   512.7190       2.4400E-07 -1.3393E-06  2.30718E-03
  756   515.5030       2.3935E-07 -1.3256E-06  2.27557E-03
  757   518.3020       2.3480E-07 -1.3121E-06  2.24437E-03
  758   521.1160       2.3033E-07 -1.2986E-06  2.21359E-03
  759   523.9460       2.2594E-07 -1.2853E-06  2.18321E-03
  760   526.7910       2.2163E-07 -1.2721E-06  2.15323E-03
  761   529.6510       2.1741E-07 -1.2590E-06  2.12365E-03
  762   532.5270       2.1326E-07 -1.2460E-06  2.09445E-03
  763   535.4190       2.0919E-07 -1.2332E-06  2.06564E-03
  764   538.3260       2.0520E-07 -1.2204E-06  2.03721E-03
  765   541.2490       2.0128E-07 -1.2078E-06  2.00916E-03
  766   544.1880       1.9743E-07 -1.1953E-06  1.98148E-03
  767   547.1430       1.9366E-07 -1.1829E-06  1.95416E-03
  768   550.1140       1.8996E-07 -1.1706E-06  1.92721E-03
  769   553.1010       1.8632E-07 -1.1585E-06  1.90061E-03
  770   556.1040       1.8276E-07 -1.1465E-06  1.87436E-03
  771   559.1240       1.7926E-07 -1.1345E-06  1.84847E-03
  772   562.1600       1.7583E-07 -1.1227E-06  1.82291E-03
  773   565.2120       1.7246E-07 -1.1110E-06  1.79770E-03
  774   568.2810       1.6915E-07 -1.0994E-06  1.77282E-03
  775   571.3670       1.6591E-07 -1.0879E-06  1.74827E-03
  776   574.4690       1.6273E-07 -1.0766E-06  1.72404E-03
  777   577.5890       1.5961E-07 -1.0653E-06  1.70014E-03
  778   580.7250       1.5654E-07 -1.0541E-06  1.67656E-03
  779   583.8780       1.5354E-07 -1.0431E-06  1.65329E-03
  780   587.0490       1.5059E-07 -1.0322E-06  1.63033E-03
  781   590.2360       1.4769E-07 -1.0213E-06  1.60768E-03
  782   593.4410       1.4485E-07 -1.0106E-06  1.58533E-03
  783   596.6630       1.4207E-07 -9.9996E-07  1.56328E-03
  784   599.9030       1.3933E-07 -9.8944E-07  1.54152E-03
  785   603.1610       1.3665E-07 -9.7902E-07  1.52006E-03
  786   606.4360       1.3402E-07 -9.6870E-07  1.49888E-03
  787   609.7290       1.3144E-07 -9.5849E-07  1.47798E-03
  788   613.0390       1.2890E-07 -9.4838E-07  1.45737E-03
  789   616.3680       1.2642E-07 -9.3836E-07  1.43703E-03
  790   619.7150       1.2398E-07 -9.2844E-07  1.41696E-03
  791   623.0800       1.2159E-07 -9.1862E-07  1.39716E-03
  792   626.4630       1.1924E-07 -9.0890E-07  1.37763E-03
  793   629.8650       1.1694E-07 -8.9928E-07  1.35836E-03
  794   633.2850       1.1468E-07 -8.8975E-07  1.33935E-03
  795   636.7240       1.1246E-07 -8.8032E-07  1.32060E-03
  796   640.1810       1.1029E-07 -8.7098E-07  1.30209E-03
  797   643.6570       1.0815E-07 -8.6173E-07  1.28384E-03
  798   647.1520       1.0606E-07 -8.5258E-07  1.26583E-03
  799   650.6660       1.0401E-07 -8.4352E-07  1.24807E-03
  800   654.1990       1.0199E-07 -8.3455E-07  1.23055E-03
  801   657.7510       1.0002E-07 -8.2567E-07  1.21326E-03
  802   661.3230       9.8078E-08 -8.1688E-07  1.19620E-03
  803   664.9140       9.6176E-08 -8.0818E-07  1.17938E-03
  804   668.5240       9.4311E-08 -7.9957E-07  1.16278E-03
  805   672.1540       9.2481E-08 -7.9104E-07  1.14641E-03
  806   675.8040       9.0685E-08 -7.8261E-07  1.13026E-03
  807   679.4740       8.8924E-08 -7.7425E-07  1.11433E-03
  808   683.1630       8.7197E-08 -7.6599E-07  1.09861E-03
  809   686.8730       8.5502E-08 -7.5780E-07  1.08311E-03
  810   690.6020       8.3839E-08 -7.4971E-07  1.06782E-03
  811   694.3520       8.2209E-08 -7.4169E-07  1.05273E-03
  812   698.1220       8.0609E-08 -7.3376E-07  1.03785E-03
  813   701.9130       7.9040E-08 -7.2590E-07  1.02318E-03
  814   705.7240       7.7501E-08 -7.1813E-07  1.00870E-03
  815   709.5560       7.5991E-08 -7.1044E-07  9.94417E-04
  816   713.4090       7.4510E-08 -7.0283E-07  9.80331E-04
  817   717.2830       7.3057E-08 -6.9529E-07  9.66437E-04
  818   721.1780       7.1632E-08 -6.8784E-07  9.52732E-04
  819   725.0940       7.0234E-08 -6.8046E-07  9.39214E-04
  820   729.0310       6.8863E-08 -6.7316E-07  9.25881E-04
  821   732.9890       6.7519E-08 -6.6593E-07  9.12729E-04
  822   736.9700       6.6200E-08 -6.5878E-07  8.99758E-04
  823   740.9710       6.4906E-08 -6.5170E-07  8.86964E-04
  824   744.9950       6.3637E-08 -6.4470E-07  8.74345E-04
  825   749.0400       6.2392E-08 -6.3777E-07  8.61899E-04
  826   753.1070       6.1171E-08 -6.3091E-07  8.49623E-04
  827   757.1960       5.9974E-08 -6.2412E-07  8.37515E-04
  828   761.3080       5.8800E-08 -6.1740E-07  8.25574E-04
  829   765.4420       5.7648E-08 -6.1076E-07  8.13796E-04
  830   769.5980       5.6518E-08 -6.0418E-07  8.02180E-04
  831   773.7770       5.5410E-08 -5.9767E-07  7.90724E-04
  832   777.9780       5.4323E-08 -5.9123E-07  7.79425E-04
  833   782.2030       5.3258E-08 -5.8486E-07  7.68282E-04
  834   786.4500       5.2212E-08 -5.7855E-07  7.57292E-04
  835   790.7200       5.1187E-08 -5.7231E-07  7.46453E-04
  836   795.0140       5.0181E-08 -5.6614E-07  7.35764E-04
  837   799.3310       4.9195E-08 -5.6003E-07  7.25222E-04
  838   803.6710       4.8228E-08 -5.5399E-07  7.14826E-04
  839   808.0350       4.7280E-08 -5.4801E-07  7.04573E-04
  840   812.4220       4.6350E-08 -5.4209E-07  6.94461E-04
  841   816.8340       4.5437E-08 -5.3623E-07  6.84490E-04
  842   821.2690       4.4543E-08 -5.3044E-07  6.74656E-04
  843   825.7280       4.3665E-08 -5.2471E-07  6.64958E-04
  844   830.2120       4.2805E-08 -5.1904E-07  6.55395E-04
  845   834.7200       4.1961E-08 -5.1343E-07  6.45964E-04
  846   839.2530       4.1134E-08 -5.0787E-07  6.36664E-04
  847   843.8100       4.0322E-08 -5.0238E-07  6.27492E-04
  848   848.3910       3.9526E-08 -4.9695E-07  6.18448E-04
  849   852.9980       3.8746E-08 -4.9157E-07  6.09530E-04
  850   857.6300       3.7981E-08 -4.8625E-07  6.00735E-04
  851   862.2870       3.7230E-08 -4.8099E-07  5.92063E-04
  852   866.9690       3.6494E-08 -4.7578E-07  5.83511E-04
  853   871.6760       3.5773E-08 -4.7063E-07  5.75078E-04
  854   876.4090       3.5065E-08 -4.6553E-07  5.66763E-04
  855   881.1680       3.4371E-08 -4.6049E-07  5.58564E-04
  856   885.9530       3.3691E-08 -4.5550E-07  5.50478E-04
  857   890.7640       3.3023E-08 -4.5056E-07  5.42506E-04
  858   895.6000       3.2369E-08 -4.4568E-07  5.34645E-04
  859   900.4630       3.1728E-08 -4.4085E-07  5.26894E-04
  860   905.3530       3.1098E-08 -4.3607E-07  5.19251E-04
  861   910.2690       3.0482E-08 -4.3134E-07  5.11714E-04
  862   915.2110       2.9877E-08 -4.2666E-07  5.04284E-04
  863   920.1810       2.9284E-08 -4.2203E-07  4.96957E-04
  864   925.1770       2.8702E-08 -4.1745E-07  4.89733E-04
  865   930.2010       2.8132E-08 -4.1292E-07  4.82610E-04
  866   935.2520       2.7573E-08 -4.0844E-07  4.75587E-04
  867   940.3300       2.7025E-08 -4.0401E-07  4.68662E-04
  868   945.4360       2.6487E-08 -3.9963E-07  4.61835E-04
  869   950.5700       2.5960E-08 -3.9529E-07  4.55103E-04
  870   955.7310       2.5443E-08 -3.9100E-07  4.48466E-04
  871   960.9210       2.4937E-08 -3.8675E-07  4.41923E-04
  872   966.1380       2.4440E-08 -3.8255E-07  4.35471E-04
  873   971.3840       2.3953E-08 -3.7840E-07  4.29110E-04
  874   976.6590       2.3475E-08 -3.7428E-07  4.22839E-04
  875   981.9620       2.3007E-08 -3.7022E-07  4.16657E-04
  876   987.2940       2.2548E-08 -3.6620E-07  4.10561E-04
  877   992.6550       2.2098E-08 -3.6222E-07  4.04552E-04
  878   998.0450       2.1657E-08 -3.5828E-07  3.98627E-04
  879   1003.464       2.1224E-08 -3.5439E-07  3.92786E-04
  880   1008.913       2.0800E-08 -3.5054E-07  3.87027E-04
  881   1014.391       2.0384E-08 -3.4673E-07  3.81350E-04
  882   1019.899       1.9977E-08 -3.4296E-07  3.75753E-04
  883   1025.437       1.9577E-08 -3.3923E-07  3.70236E-04
  884   1031.005       1.9185E-08 -3.3554E-07  3.64797E-04
  885   1036.604       1.8801E-08 -3.3189E-07  3.59434E-04
  886   1042.232       1.8425E-08 -3.2828E-07  3.54148E-04
  887   1047.892       1.8056E-08 -3.2471E-07  3.48937E-04
  888   1053.581       1.7694E-08 -3.2118E-07  3.43800E-04
  889   1059.302       1.7339E-08 -3.1769E-07  3.38735E-04
  890   1065.054       1.6991E-08 -3.1423E-07  3.33743E-04
  891   1070.837       1.6650E-08 -3.1081E-07  3.28822E-04
  892   1076.652       1.6316E-08 -3.0743E-07  3.23971E-04
  893   1082.498       1.5988E-08 -3.0408E-07  3.19188E-04
  894   1088.376       1.5667E-08 -3.0078E-07  3.14474E-04
  895   1094.286       1.5352E-08 -2.9750E-07  3.09827E-04
  896   1100.227       1.5044E-08 -2.9427E-07  3.05247E-04
  897   1106.202       1.4741E-08 -2.9106E-07  3.00731E-04
  898   1112.208       1.4444E-08 -2.8789E-07  2.96281E-04
  899   1118.247       1.4154E-08 -2.8476E-07  2.91893E-04
  900   1124.319       1.3869E-08 -2.8166E-07  2.87569E-04
  901   1130.424       1.3589E-08 -2.7860E-07  2.83306E-04
  902   1136.562       1.3315E-08 -2.7556E-07  2.79105E-04
  903   1142.734       1.3047E-08 -2.7256E-07  2.74963E-04
  904   1148.939       1.2784E-08 -2.6960E-07  2.70881E-04
  905   1155.177       1.2526E-08 -2.6666E-07  2.66857E-04
  906   1161.450       1.2273E-08 -2.6376E-07  2.62891E-04
  907   1167.756       1.2025E-08 -2.6089E-07  2.58982E-04
  908   1174.097       1.1782E-08 -2.5805E-07  2.55129E-04
  909   1180.472       1.1544E-08 -2.5524E-07  2.51332E-04
  910   1186.882       1.1311E-08 -2.5246E-07  2.47589E-04
  911   1193.327       1.1082E-08 -2.4971E-07  2.43899E-04
  912   1199.807       1.0858E-08 -2.4699E-07  2.40263E-04
  913   1206.321       1.0638E-08 -2.4430E-07  2.36680E-04
  914   1212.872       1.0423E-08 -2.4164E-07  2.33147E-04
  915   1219.457       1.0212E-08 -2.3901E-07  2.29666E-04
  916   1226.079       1.0005E-08 -2.3640E-07  2.26235E-04
  917   1232.736       9.8023E-09 -2.3383E-07  2.22854E-04
  918   1239.430       9.6036E-09 -2.3128E-07  2.19521E-04
  919   1246.160       9.4088E-09 -2.2876E-07  2.16236E-04
  920   1252.927       9.2179E-09 -2.2627E-07  2.12999E-04
  921   1259.730       9.0308E-09 -2.2381E-07  2.09809E-04
  922   1266.570       8.8474E-09 -2.2137E-07  2.06665E-04
  923   1273.447       8.6677E-09 -2.1896E-07  2.03566E-04
  924   1280.362       8.4916E-09 -2.1657E-07  2.00513E-04
  925   1287.314       8.3190E-09 -2.1421E-07  1.97503E-04
  926   1294.304       8.1498E-09 -2.1188E-07  1.94537E-04
  927   1301.332       7.9840E-09 -2.0957E-07  1.91615E-04
  928   1308.398       7.8215E-09 -2.0729E-07  1.88734E-04
  929   1315.503       7.6623E-09 -2.0503E-07  1.85896E-04
  930   1322.646       7.5062E-09 -2.0280E-07  1.83098E-04
  931   1329.828       7.3533E-09 -2.0059E-07  1.80342E-04
  932   1337.049       7.2034E-09 -1.9841E-07  1.77625E-04
  933   1344.309       7.0565E-09 -1.9624E-07  1.74948E-04
  934   1351.608       6.9126E-09 -1.9411E-07  1.72311E-04
  935   1358.947       6.7715E-09 -1.9199E-07  1.69711E-04
  936   1366.326       6.6333E-09 -1.8990E-07  1.67149E-04
  937   1373.745       6.4979E-09 -1.8783E-07  1.64625E-04
  938   1381.204       6.3651E-09 -1.8579E-07  1.62138E-04
  939   1388.704       6.2350E-09 -1.8376E-07  1.59687E-04
  940   1396.245       6.1076E-09 -1.8176E-07  1.57272E-04
  941   1403.826       5.9827E-09 -1.7978E-07  1.54892E-04
  942   1411.449       5.8603E-09 -1.7782E-07  1.52547E-04
  943   1419.113       5.7403E-09 -1.7589E-07  1.50236E-04
  944   1426.819       5.6228E-09 -1.7397E-07  1.47959E-04
  945   1434.566       5.5076E-09 -1.7208E-07  1.45715E-04
  946   1442.356       5.3948E-09 -1.7020E-07  1.43505E-04
  947   1450.187       5.2842E-09 -1.6835E-07  1.41326E-04
  948   1458.062       5.1758E-09 -1.6651E-07  1.39180E-04
  949   1465.979       5.0697E-09 -1.6470E-07  1.37065E-04
  950   1473.939       4.9656E-09 -1.6291E-07  1.34982E-04
  951   1481.942       4.8637E-09 -1.6113E-07  1.32929E-04
  952   1489.989       4.7638E-09 -1.5938E-07  1.30906E-04
  953   1498.080       4.6660E-09 -1.5764E-07  1.28913E-04
  954   1506.214       4.5701E-09 -1.5592E-07  1.26949E-04
  955   1514.393       4.4761E-09 -1.5423E-07  1.25014E-04
  956   1522.616       4.3840E-09 -1.5255E-07  1.23108E-04
  957   1530.883       4.2938E-09 -1.5089E-07  1.21230E-04
  958   1539.196       4.2055E-09 -1.4924E-07  1.19379E-04
  959   1547.554       4.1189E-09 -1.4762E-07  1.17556E-04
  960   1555.957       4.0340E-09 -1.4601E-07  1.15760E-04
  961   1564.405       3.9509E-09 -1.4442E-07  1.13990E-04
  962   1572.900       3.8695E-09 -1.4285E-07  1.12247E-04
  963   1581.441       3.7897E-09 -1.4129E-07  1.10529E-04
  964   1590.028       3.7115E-09 -1.3975E-07  1.08837E-04
  965   1598.661       3.6349E-09 -1.3823E-07  1.07170E-04
  966   1607.342       3.5599E-09 -1.3673E-07  1.05527E-04
  967   1616.070       3.4864E-09 -1.3524E-07  1.03909E-04
  968   1624.845       3.4143E-09 -1.3377E-07  1.02315E-04
  969   1633.667       3.3438E-09 -1.3231E-07  1.00744E-04
  970   1642.538       3.2746E-09 -1.3087E-07  9.91974E-05
  971   1651.457       3.2069E-09 -1.2944E-07  9.76732E-05
  972   1660.424       3.1406E-09 -1.2804E-07  9.61718E-05
  973   1669.440       3.0756E-09 -1.2664E-07  9.46927E-05
  974   1678.505       3.0119E-09 -1.2526E-07  9.32356E-05
  975   1687.619       2.9495E-09 -1.2390E-07  9.18002E-05
  976   1696.783       2.8884E-09 -1.2255E-07  9.03861E-05
  977   1705.996       2.8285E-09 -1.2122E-07  8.89932E-05
  978   1715.259       2.7699E-09 -1.1990E-07  8.76210E-05
  979   1724.573       2.7124E-09 -1.1859E-07  8.62694E-05
  980   1733.937       2.6561E-09 -1.1730E-07  8.49379E-05
  981   1743.353       2.6010E-09 -1.1603E-07  8.36263E-05
  982   1752.819       2.5470E-09 -1.1476E-07  8.23343E-05
  983   1762.336       2.4941E-09 -1.1351E-07  8.10616E-05
  984   1771.906       2.4422E-09 -1.1228E-07  7.98080E-05
  985   1781.527       2.3915E-09 -1.1106E-07  7.85731E-05
  986   1791.201       2.3417E-09 -1.0985E-07  7.73568E-05
  987   1800.927       2.2930E-09 -1.0865E-07  7.61587E-05
  988   1810.705       2.2453E-09 -1.0747E-07  7.49785E-05
  989   1820.537       2.1985E-09 -1.0630E-07  7.38161E-05
  990   1830.423       2.1527E-09 -1.0515E-07  7.26711E-05
  991   1840.362       2.1079E-09 -1.0400E-07  7.15433E-05
  992   1850.355       2.0639E-09 -1.0287E-07  7.04324E-05
  993   1860.402       2.0209E-09 -1.0175E-07  6.93383E-05
  994   1870.504       1.9788E-09 -1.0064E-07  6.82606E-05
  995   1880.660       1.9375E-09 -9.9550E-08  6.71991E-05
  996   1890.872       1.8970E-09 -9.8467E-08  6.61537E-05
  997   1901.139       1.8574E-09 -9.7396E-08  6.51240E-05
  998   1911.462       1.8186E-09 -9.6337E-08  6.41098E-05
  999   1921.841       1.7806E-09 -9.5289E-08  6.31109E-05
 1000   1932.277       1.7434E-09 -9.4252E-08  6.21270E-05
 1001   1942.769       1.7069E-09 -9.3227E-08  6.11581E-05
 1002   1953.318       1.6712E-09 -9.2214E-08  6.02038E-05
 1003   1963.924       1.6362E-09 -9.1211E-08  5.92639E-05
 1004   1974.588       1.6020E-09 -9.0219E-08  5.83382E-05
 1005   1985.310       1.5684E-09 -8.9238E-08  5.74265E-05
 1006   1996.090       1.5356E-09 -8.8268E-08  5.65286E-05
 1007   2006.929       1.5034E-09 -8.7308E-08  5.56444E-05
 1008   2017.826       1.4719E-09 -8.6359E-08  5.47735E-05
 1009   2028.783       1.4410E-09 -8.5420E-08  5.39158E-05
 1010   2039.799       1.4108E-09 -8.4491E-08  5.30712E-05
 1011   2050.875       1.3811E-09 -8.3573E-08  5.22394E-05
 1012   2062.011       1.3521E-09 -8.2664E-08  5.14202E-05
 1013   2073.207       1.3237E-09 -8.1766E-08  5.06134E-05
 1014   2084.465       1.2959E-09 -8.0877E-08  4.98189E-05
 1015   2095.783       1.2687E-09 -7.9998E-08  4.90365E-05
 1016   2107.163       1.2420E-09 -7.9128E-08  4.82661E-05
 1017   2118.605       1.2159E-09 -7.8268E-08  4.75073E-05
 1018   2130.108       1.1903E-09 -7.7418E-08  4.67601E-05
 1019   2141.675       1.1652E-09 -7.6576E-08  4.60243E-05
 1020   2153.304       1.1407E-09 -7.5744E-08  4.52997E-05
 1021   2164.996       1.1167E-09 -7.4921E-08  4.45862E-05
 1022   2176.752       1.0931E-09 -7.4107E-08  4.38836E-05
 1023   2188.571       1.0701E-09 -7.3302E-08  4.31917E-05
 1024   2200.455       1.0475E-09 -7.2505E-08  4.25104E-05
 1025   2212.403       1.0254E-09 -7.1718E-08  4.18395E-05
 1026   2224.416       1.0038E-09 -7.0939E-08  4.11789E-05
 1027   2236.495       9.8259E-10 -7.0168E-08  4.05283E-05
 1028   2248.639       9.6183E-10 -6.9406E-08  3.98878E-05
 1029   2260.849       9.4151E-10 -6.8652E-08  3.92570E-05
 1030   2273.125       9.2161E-10 -6.7906E-08  3.86360E-05
 1031   2285.468       9.0213E-10 -6.7168E-08  3.80244E-05
 1032   2297.877       8.8304E-10 -6.6439E-08  3.74223E-05
 1033   2310.355       8.6436E-10 -6.5717E-08  3.68293E-05
 1034   2322.900       8.4606E-10 -6.5003E-08  3.62455E-05
 1035   2335.513       8.2815E-10 -6.4298E-08  3.56707E-05
 1036   2348.194       8.1061E-10 -6.3599E-08  3.51047E-05
 1037   2360.945       7.9343E-10 -6.2909E-08  3.45474E-05
 1038   2373.765       7.7661E-10 -6.2225E-08  3.39987E-05
 1039   2386.654       7.6015E-10 -6.1550E-08  3.34585E-05
 1040   2399.613       7.4402E-10 -6.0882E-08  3.29266E-05
 1041   2412.643       7.2823E-10 -6.0221E-08  3.24029E-05
 1042   2425.743       7.1277E-10 -5.9567E-08  3.18872E-05
 1043   2438.915       6.9764E-10 -5.8920E-08  3.13795E-05
 1044   2452.158       6.8282E-10 -5.8280E-08  3.08797E-05
 1045   2465.473       6.6831E-10 -5.7648E-08  3.03876E-05
 1046   2478.860       6.5410E-10 -5.7022E-08  2.99031E-05
 1047   2492.320       6.4019E-10 -5.6403E-08  2.94261E-05
 1048   2505.853       6.2657E-10 -5.5791E-08  2.89564E-05
 1049   2519.460       6.1323E-10 -5.5185E-08  2.84941E-05
 1050   2533.140       6.0018E-10 -5.4586E-08  2.80389E-05
 1051   2546.895       5.8740E-10 -5.3994E-08  2.75907E-05
 1052   2560.724       5.7488E-10 -5.3408E-08  2.71495E-05
 1053   2574.629       5.6263E-10 -5.2828E-08  2.67152E-05
 1054   2588.609       5.5063E-10 -5.2255E-08  2.62876E-05
 1055   2602.665       5.3889E-10 -5.1688E-08  2.58666E-05
 1056   2616.797       5.2739E-10 -5.1127E-08  2.54522E-05
 1057   2631.006       5.1614E-10 -5.0572E-08  2.50442E-05
 1058   2645.292       5.0512E-10 -5.0024E-08  2.46426E-05
 1059   2659.655       4.9433E-10 -4.9481E-08  2.42472E-05
 1060   2674.097       4.8377E-10 -4.8944E-08  2.38580E-05
 1061   2688.617       4.7343E-10 -4.8413E-08  2.34748E-05
 1062   2703.216       4.6330E-10 -4.7888E-08  2.30976E-05
 1063   2717.894       4.5339E-10 -4.7368E-08  2.27263E-05
 1064   2732.652       4.4369E-10 -4.6855E-08  2.23608E-05
 1065   2747.490       4.3420E-10 -4.6346E-08  2.20010E-05
 1066   2762.409       4.2490E-10 -4.5844E-08  2.16468E-05
 1067   2777.408       4.1580E-10 -4.5347E-08  2.12981E-05
 1068   2792.490       4.0689E-10 -4.4855E-08  2.09549E-05
 1069   2807.652       3.9817E-10 -4.4368E-08  2.06171E-05
 1070   2822.898       3.8963E-10 -4.3887E-08  2.02845E-05
 1071   2838.226       3.8127E-10 -4.3411E-08  1.99572E-05
 1072   2853.637       3.7309E-10 -4.2940E-08  1.96350E-05
 1073   2869.132       3.6508E-10 -4.2475E-08  1.93178E-05
 1074   2884.711       3.5724E-10 -4.2014E-08  1.90056E-05
 1075   2900.375       3.4957E-10 -4.1559E-08  1.86983E-05
 1076   2916.124       3.4205E-10 -4.1108E-08  1.83959E-05
 1077   2931.958       3.3470E-10 -4.0663E-08  1.80981E-05
 1078   2947.878       3.2750E-10 -4.0222E-08  1.78051E-05
 1079   2963.885       3.2046E-10 -3.9786E-08  1.75167E-05
 1080   2979.978       3.1356E-10 -3.9354E-08  1.72328E-05
 1081   2996.159       3.0681E-10 -3.8928E-08  1.69534E-05
 1082   3012.428       3.0020E-10 -3.8506E-08  1.66783E-05
 1083   3028.785       2.9374E-10 -3.8088E-08  1.64076E-05
 1084   3045.231       2.8741E-10 -3.7676E-08  1.61412E-05
 1085   3061.767       2.8121E-10 -3.7267E-08  1.58790E-05
 1086   3078.392       2.7515E-10 -3.6863E-08  1.56209E-05
 1087   3095.107       2.6921E-10 -3.6464E-08  1.53669E-05
 1088   3111.913       2.6340E-10 -3.6069E-08  1.51169E-05
 1089   3128.811       2.5771E-10 -3.5678E-08  1.48708E-05
 1090   3145.800       2.5215E-10 -3.5291E-08  1.46287E-05
 1091   3162.881       2.4670E-10 -3.4909E-08  1.43904E-05
 1092   3180.055       2.4137E-10 -3.4531E-08  1.41558E-05
 1093   3197.323       2.3615E-10 -3.4157E-08  1.39249E-05
 1094   3214.684       2.3104E-10 -3.3786E-08  1.36978E-05
 1095   3232.139       2.2604E-10 -3.3420E-08  1.34742E-05
 1096   3249.689       2.2115E-10 -3.3058E-08  1.32541E-05
 1097   3267.335       2.1636E-10 -3.2700E-08  1.30376E-05
 1098   3285.076       2.1168E-10 -3.2346E-08  1.28245E-05
 1099   3302.914       2.0709E-10 -3.1996E-08  1.26147E-05
 1100   3320.848       2.0260E-10 -3.1649E-08  1.24083E-05
 1101   3338.880       1.9821E-10 -3.1306E-08  1.22052E-05
 1102   3357.010       1.9391E-10 -3.0967E-08  1.20053E-05
 1103   3375.238       1.8970E-10 -3.0632E-08  1.18086E-05
 1104   3393.565       1.8559E-10 -3.0300E-08  1.16151E-05
 1105   3411.992       1.8156E-10 -2.9972E-08  1.14246E-05
 1106   3430.519       1.7761E-10 -2.9647E-08  1.12371E-05
 1107   3449.146       1.7375E-10 -2.9326E-08  1.10527E-05
 1108   3467.875       1.6998E-10 -2.9009E-08  1.08711E-05
 1109   3486.705       1.6628E-10 -2.8694E-08  1.06925E-05
 1110   3505.638       1.6267E-10 -2.8384E-08  1.05167E-05
 1111   3524.673       1.5913E-10 -2.8076E-08  1.03438E-05
 1112   3543.811       1.5566E-10 -2.7772E-08  1.01736E-05
 1113   3563.054       1.5227E-10 -2.7472E-08  1.00061E-05
 1114   3582.401       1.4896E-10 -2.7174E-08  9.84131E-06
 1115   3601.853       1.4571E-10 -2.6880E-08  9.67915E-06
 1116   3621.411       1.4253E-10 -2.6589E-08  9.51958E-06
 1117   3641.075       1.3943E-10 -2.6301E-08  9.36258E-06
 1118   3660.845       1.3639E-10 -2.6017E-08  9.20809E-06
 1119   3680.723       1.3341E-10 -2.5735E-08  9.05608E-06
 1120   3700.709       1.3050E-10 -2.5456E-08  8.90651E-06
 1121   3720.804       1.2765E-10 -2.5181E-08  8.75934E-06
 1122   3741.007       1.2486E-10 -2.4908E-08  8.61454E-06
 1123   3761.321       1.2213E-10 -2.4639E-08  8.47206E-06
 1124   3781.744       1.1946E-10 -2.4372E-08  8.33187E-06
 1125   3802.279       1.1685E-10 -2.4108E-08  8.19394E-06
 1126   3822.925       1.1429E-10 -2.3847E-08  8.05823E-06
 1127   3843.683       1.1179E-10 -2.3589E-08  7.92471E-06
 1128   3864.554       1.0935E-10 -2.3334E-08  7.79333E-06
 1129   3885.538       1.0695E-10 -2.3082E-08  7.66408E-06
 1130   3906.636       1.0461E-10 -2.2832E-08  7.53691E-06
 1131   3927.849       1.0232E-10 -2.2585E-08  7.41179E-06
 1132   3949.177       1.0007E-10 -2.2340E-08  7.28869E-06
 1133   3970.620       9.7880E-11 -2.2099E-08  7.16757E-06
 1134   3992.180       9.5733E-11 -2.1860E-08  7.04842E-06
 1135   4013.857       9.3632E-11 -2.1623E-08  6.93119E-06
 1136   4035.652       9.1577E-11 -2.1389E-08  6.81586E-06
 1137   4057.565       8.9566E-11 -2.1158E-08  6.70239E-06
 1138   4079.598       8.7599E-11 -2.0929E-08  6.59076E-06
 1139   4101.749       8.5674E-11 -2.0702E-08  6.48094E-06
 1140   4124.022       8.3791E-11 -2.0478E-08  6.37290E-06
 1141   4146.415       8.1948E-11 -2.0257E-08  6.26662E-06
 1142   4168.929       8.0146E-11 -2.0038E-08  6.16205E-06
 1143   4191.566       7.8382E-11 -1.9821E-08  6.05918E-06
 1144   4214.326       7.6657E-11 -1.9607E-08  5.95799E-06
 1145   4237.209       7.4969E-11 -1.9395E-08  5.85844E-06
 1146   4260.217       7.3318E-11 -1.9185E-08  5.76050E-06
 1147   4283.349       7.1702E-11 -1.8977E-08  5.66416E-06
 1148   4306.608       7.0122E-11 -1.8772E-08  5.56939E-06
 1149   4329.992       6.8575E-11 -1.8569E-08  5.47615E-06
 1150   4353.503       6.7063E-11 -1.8368E-08  5.38444E-06
 1151   4377.143       6.5583E-11 -1.8170E-08  5.29422E-06
 1152   4400.910       6.4135E-11 -1.7973E-08  5.20548E-06
 1153   4424.806       6.2719E-11 -1.7779E-08  5.11817E-06
 1154   4448.833       6.1334E-11 -1.7587E-08  5.03230E-06
 1155   4472.989       5.9979E-11 -1.7396E-08  4.94783E-06
 1156   4497.277       5.8653E-11 -1.7208E-08  4.86473E-06
 1157   4521.697       5.7356E-11 -1.7022E-08  4.78300E-06
 1158   4546.249       5.6087E-11 -1.6838E-08  4.70260E-06
 1159   4570.935       5.4846E-11 -1.6656E-08  4.62351E-06
 1160   4595.755       5.3632E-11 -1.6476E-08  4.54572E-06
 1161   4620.709       5.2445E-11 -1.6298E-08  4.46921E-06
 1162   4645.799       5.1283E-11 -1.6122E-08  4.39394E-06
 1163   4671.026       5.0147E-11 -1.5948E-08  4.31991E-06
 1164   4696.389       4.9035E-11 -1.5775E-08  4.24710E-06
 1165   4721.890       4.7948E-11 -1.5605E-08  4.17548E-06
 1166   4747.529       4.6884E-11 -1.5436E-08  4.10503E-06
 1167   4773.308       4.5844E-11 -1.5269E-08  4.03574E-06
 1168   4799.226       4.4827E-11 -1.5104E-08  3.96759E-06
 1169   4825.286       4.3831E-11 -1.4941E-08  3.90056E-06
 1170   4851.487       4.2858E-11 -1.4779E-08  3.83463E-06
 1171   4877.830       4.1905E-11 -1.4620E-08  3.76979E-06
 1172   4904.316       4.0974E-11 -1.4462E-08  3.70602E-06
 1173   4930.946       4.0063E-11 -1.4305E-08  3.64329E-06
 1174   4957.720       3.9172E-11 -1.4151E-08  3.58160E-06
 1175   4984.640       3.8300E-11 -1.3998E-08  3.52092E-06
 1176   5011.706       3.7448E-11 -1.3846E-08  3.46125E-06
 1177   5038.919       3.6614E-11 -1.3697E-08  3.40256E-06
 1178   5066.280       3.5799E-11 -1.3549E-08  3.34484E-06
 1179   5093.790       3.5001E-11 -1.3402E-08  3.28807E-06
 1180   5121.448       3.4221E-11 -1.3258E-08  3.23224E-06
 1181   5149.257       3.3458E-11 -1.3114E-08  3.17734E-06
 1182   5177.217       3.2712E-11 -1.2973E-08  3.12334E-06
 1183   5205.329       3.1982E-11 -1.2833E-08  3.07024E-06
 1184   5233.593       3.1268E-11 -1.2694E-08  3.01801E-06
 1185   5262.011       3.0570E-11 -1.2557E-08  2.96665E-06
 1186   5290.584       2.9887E-11 -1.2421E-08  2.91614E-06
 1187   5319.311       2.9219E-11 -1.2287E-08  2.86647E-06
 1188   5348.194       2.8566E-11 -1.2154E-08  2.81762E-06
 1189   5377.234       2.7928E-11 -1.2023E-08  2.76958E-06
 1190   5406.432       2.7303E-11 -1.1893E-08  2.72235E-06
 1191   5435.789       2.6692E-11 -1.1764E-08  2.67589E-06
 1192   5465.304       2.6095E-11 -1.1637E-08  2.63021E-06
 1193   5494.980       2.5511E-11 -1.1512E-08  2.58528E-06
 1194   5524.818       2.4939E-11 -1.1387E-08  2.54111E-06
 1195   5554.817       2.4381E-11 -1.1264E-08  2.49767E-06
 1196   5584.979       2.3834E-11 -1.1143E-08  2.45495E-06
 1197   5615.305       2.3300E-11 -1.1022E-08  2.41295E-06
 1198   5645.795       2.2777E-11 -1.0903E-08  2.37164E-06
 1199   5676.452       2.2266E-11 -1.0785E-08  2.33102E-06
 1200   5707.274       2.1767E-11 -1.0669E-08  2.29108E-06
 1201   5738.264       2.1278E-11 -1.0554E-08  2.25181E-06
 1202   5769.422       2.0800E-11 -1.0440E-08  2.21320E-06
 1203   5800.750       2.0333E-11 -1.0327E-08  2.17522E-06
 1204   5832.247       1.9876E-11 -1.0215E-08  2.13789E-06
 1205   5863.916       1.9429E-11 -1.0105E-08  2.10118E-06
 1206   5895.756       1.8992E-11 -9.9960E-09  2.06508E-06
 1207   5927.770       1.8565E-11 -9.8881E-09  2.02958E-06
 1208   5959.957       1.8147E-11 -9.7813E-09  1.99468E-06
 1209   5992.319       1.7739E-11 -9.6757E-09  1.96037E-06
 1210   6024.856       1.7339E-11 -9.5712E-09  1.92663E-06
 1211   6057.571       1.6949E-11 -9.4678E-09  1.89346E-06
 1212   6090.463       1.6567E-11 -9.3656E-09  1.86084E-06
 1213   6123.533       1.6193E-11 -9.2645E-09  1.82877E-06
 1214   6156.784       1.5828E-11 -9.1644E-09  1.79724E-06
 1215   6190.214       1.5471E-11 -9.0655E-09  1.76624E-06
 1216   6223.827       1.5122E-11 -8.9676E-09  1.73576E-06
 1217   6257.621       1.4781E-11 -8.8708E-09  1.70579E-06
 1218   6291.600       1.4447E-11 -8.7750E-09  1.67632E-06
 1219   6325.762       1.4121E-11 -8.6803E-09  1.64736E-06
 1220   6360.111       1.3802E-11 -8.5866E-09  1.61888E-06
 1221   6394.645       1.3490E-11 -8.4939E-09  1.59088E-06
 1222   6429.368       1.3185E-11 -8.4022E-09  1.56335E-06
 1223   6464.279       1.2886E-11 -8.3114E-09  1.53629E-06
 1224   6499.379       1.2595E-11 -8.2217E-09  1.50968E-06
 1225   6534.670       1.2310E-11 -8.1330E-09  1.48352E-06
 1226   6570.153       1.2031E-11 -8.0452E-09  1.45781E-06
 1227   6605.828       1.1759E-11 -7.9583E-09  1.43252E-06
 1228   6641.697       1.1492E-11 -7.8724E-09  1.40767E-06
 1229   6677.761       1.1232E-11 -7.7874E-09  1.38324E-06
 1230   6714.020       1.0977E-11 -7.7034E-09  1.35922E-06
 1231   6750.477       1.0728E-11 -7.6202E-09  1.33560E-06
 1232   6787.131       1.0485E-11 -7.5380E-09  1.31239E-06
 1233   6823.984       1.0247E-11 -7.4566E-09  1.28957E-06
 1234   6861.038       1.0014E-11 -7.3761E-09  1.26714E-06
 1235   6898.293       9.7867E-12 -7.2965E-09  1.24508E-06
 1236   6935.750       9.5644E-12 -7.2178E-09  1.22340E-06
 1237   6973.410       9.3470E-12 -7.1399E-09  1.20209E-06
 1238   7011.275       9.1345E-12 -7.0628E-09  1.18114E-06
 1239   7049.346       8.9268E-12 -6.9866E-09  1.16055E-06
 1240   7087.623       8.7237E-12 -6.9112E-09  1.14031E-06
 1241   7126.108       8.5252E-12 -6.8366E-09  1.12041E-06
 1242   7164.802       8.3311E-12 -6.7628E-09  1.10085E-06
 1243   7203.706       8.1414E-12 -6.6898E-09  1.08162E-06
 1244   7242.822       7.9560E-12 -6.6176E-09  1.06272E-06
 1245   7282.150       7.7747E-12 -6.5462E-09  1.04415E-06
 1246   7321.691       7.5974E-12 -6.4756E-09  1.02589E-06
 1247   7361.447       7.4242E-12 -6.4057E-09  1.00794E-06
 1248   7401.419       7.2549E-12 -6.3366E-09  9.90294E-07
 1249   7441.608       7.0893E-12 -6.2682E-09  9.72952E-07
 1250   7482.015       6.9275E-12 -6.2005E-09  9.55906E-07
 1251   7522.642       6.7693E-12 -6.1336E-09  9.39152E-07
 1252   7563.489       6.6147E-12 -6.0674E-09  9.22684E-07
 1253   7604.558       6.4636E-12 -6.0020E-09  9.06497E-07
 1254   7645.850       6.3158E-12 -5.9372E-09  8.90588E-07
 1255   7687.366       6.1714E-12 -5.8731E-09  8.74951E-07
 1256   7729.108       6.0303E-12 -5.8098E-09  8.59582E-07
 1257   7771.076       5.8923E-12 -5.7471E-09  8.44476E-07
 1258   7813.272       5.7575E-12 -5.6851E-09  8.29629E-07
 1259   7855.697       5.6256E-12 -5.6237E-09  8.15037E-07
 1260   7898.353       5.4968E-12 -5.5631E-09  8.00695E-07
 1261   7941.240       5.3709E-12 -5.5030E-09  7.86599E-07
 1262   7984.361       5.2478E-12 -5.4437E-09  7.72745E-07
 1263   8027.715       5.1275E-12 -5.3849E-09  7.59130E-07
 1264   8071.304       5.0099E-12 -5.3268E-09  7.45748E-07
 1265   8115.131       4.8950E-12 -5.2694E-09  7.32597E-07
 1266   8159.195       4.7826E-12 -5.2125E-09  7.19671E-07
 1267   8203.499       4.6728E-12 -5.1563E-09  7.06969E-07
 1268   8248.043       4.5655E-12 -5.1007E-09  6.94485E-07
 1269   8292.829       4.4607E-12 -5.0456E-09  6.82216E-07
 1270   8337.858       4.3582E-12 -4.9912E-09  6.70159E-07
 1271   8383.132       4.2580E-12 -4.9374E-09  6.58309E-07
 1272   8428.652       4.1601E-12 -4.8841E-09  6.46664E-07
 1273   8474.418       4.0644E-12 -4.8314E-09  6.35220E-07
 1274   8520.434       3.9709E-12 -4.7793E-09  6.23974E-07
 1275   8566.699       3.8795E-12 -4.7277E-09  6.12922E-07
 1276   8613.215       3.7901E-12 -4.6767E-09  6.02061E-07
 1277   8659.984       3.7028E-12 -4.6263E-09  5.91387E-07
 1278   8707.007       3.6175E-12 -4.5764E-09  5.80899E-07
 1279   8754.285       3.5341E-12 -4.5270E-09  5.70592E-07
 1280   8801.820       3.4527E-12 -4.4782E-09  5.60463E-07
 1281   8849.613       3.3730E-12 -4.4299E-09  5.50510E-07
 1282   8897.665       3.2952E-12 -4.3821E-09  5.40730E-07
 1283   8945.979       3.2192E-12 -4.3349E-09  5.31119E-07
 1284   8994.555       3.1448E-12 -4.2881E-09  5.21674E-07
 1285   9043.394       3.0722E-12 -4.2418E-09  5.12394E-07
 1286   9092.499       3.0012E-12 -4.1961E-09  5.03275E-07
 1287   9141.870       2.9319E-12 -4.1508E-09  4.94314E-07
 1288   9191.510       2.8641E-12 -4.1061E-09  4.85509E-07
 1289   9241.419       2.7979E-12 -4.0618E-09  4.76857E-07
 1290   9291.599       2.7332E-12 -4.0180E-09  4.68355E-07
 1291   9342.051       2.6699E-12 -3.9746E-09  4.60002E-07
 1292   9392.778       2.6081E-12 -3.9318E-09  4.51794E-07
 1293   9443.780       2.5477E-12 -3.8894E-09  4.43729E-07
 1294   9495.058       2.4887E-12 -3.8474E-09  4.35804E-07
 1295   9546.616       2.4310E-12 -3.8059E-09  4.28018E-07
 1296   9598.453       2.3747E-12 -3.7649E-09  4.20367E-07
 1297   9650.571       2.3196E-12 -3.7243E-09  4.12850E-07
 1298   9702.973       2.2658E-12 -3.6841E-09  4.05464E-07
 1299   9755.659       2.2133E-12 -3.6444E-09  3.98208E-07
 1300   9808.631       2.1619E-12 -3.6051E-09  3.91078E-07
 1301   9861.891       2.1117E-12 -3.5662E-09  3.84072E-07
 1302   9915.440       2.0627E-12 -3.5278E-09  3.77189E-07
 1303   9969.280       2.0147E-12 -3.4897E-09  3.70427E-07
 1304   10023.41       1.9679E-12 -3.4521E-09  3.63783E-07
 1305   10077.84       1.9222E-12 -3.4149E-09  3.57255E-07
 1306   10132.56       1.8775E-12 -3.3780E-09  3.50842E-07
 1307   10187.58       1.8338E-12 -3.3416E-09  3.44541E-07
 1308   10242.90       1.7911E-12 -3.3056E-09  3.38351E-07
 1309   10298.51       1.7494E-12 -3.2699E-09  3.32269E-07
 1310   10354.43       1.7087E-12 -3.2347E-09  3.26294E-07
 1311   10410.66       1.6689E-12 -3.1998E-09  3.20424E-07
 1312   10467.19       1.6300E-12 -3.1653E-09  3.14657E-07
 1313   10524.02       1.5920E-12 -3.1312E-09  3.08992E-07
 1314   10581.17       1.5549E-12 -3.0974E-09  3.03426E-07
 1315   10638.62       1.5186E-12 -3.0640E-09  2.97958E-07
 1316   10696.39       1.4832E-12 -3.0310E-09  2.92586E-07
 1317   10754.47       1.4486E-12 -2.9983E-09  2.87309E-07
 1318   10812.86       1.4148E-12 -2.9659E-09  2.82125E-07
 1319   10871.58       1.3817E-12 -2.9340E-09  2.77032E-07
 1320   10930.61       1.3494E-12 -2.9023E-09  2.72029E-07
