0.015	0
0.025	0
0.035	0
0.045	0
0.055	0
0.065	0
0.075	0
0.085	0
0.095	0
0.105	0
0.115	0
0.125	0
0.135	0
0.145	0
0.155	0
0.165	0
0.175	0
0.185	0
0.195	0
0.205	0
0.215	0
0.225	0
0.235	0
0.245	0
0.255	0
0.265	0
0.275	0
0.285	0
0.295	0
0.305	0
0.315	0
0.325	0
0.335	0
0.345	0
0.355	0
0.365	0
0.375	0
0.385	0
0.395	0
0.405	0
0.415	0
0.425	0
0.435	0
0.445	0
0.455	1
0.465	1
0.475	1
0.485	0
0.495	2
0.505	2
0.515	6
0.525	4
0.535	6
0.545	5
0.555	11
0.565	17
0.575	16
0.585	29
0.595	40
0.605	47
0.615	51
0.625	64
0.635	78
0.645	98
0.655	141
0.665	151
0.675	164
0.685	201
0.695	256
0.705	338
0.715	400
0.725	439
0.735	493
0.745	600
0.755	686
0.765	690
0.775	862
0.785	994
0.795	1168
0.805	1287
0.815	1464
0.825	1615
0.835	1827
0.845	1990
0.855	2164
0.865	2494
0.875	2667
0.885	2966
0.895	3171
0.905	3436
0.915	3675
0.925	4112
0.935	4390
0.945	4827
0.955	5095
0.965	5414
0.975	5772
0.985	6165
0.995	6418
1.005	6961
1.015	7349
1.025	7749
1.035	8279
1.045	8726
1.055	9117
1.065	9484
1.075	10031
1.085	10377
1.095	10844
1.105	11344
1.115	12016
1.125	12280
1.135	12921
1.145	13427
1.155	13681
1.165	14441
1.175	14631
1.185	15320
1.195	15867
1.205	16226
1.215	16903
1.225	17151
1.235	18037
1.245	18406
1.255	18867
1.265	19273
1.275	19912
1.285	20267
1.295	21125
1.305	21501
1.315	21843
1.325	22456
1.335	23091
1.345	23752
1.355	24014
1.365	24406
1.375	24910
1.385	25186
1.395	25669
1.405	26345
1.415	26722
1.425	27085
1.435	27789
1.445	28148
1.455	28663
1.465	29079
1.475	29307
1.485	29732
1.495	30034
1.505	30816
1.515	30803
1.525	31329
1.535	31641
1.545	31821
1.555	32328
1.565	32731
1.575	32988
1.585	33461
1.595	33954
1.605	33833
1.615	34205
1.625	34520
1.635	34889
1.645	34930
1.655	35233
1.665	35268
1.675	35745
1.685	36161
1.695	35982
1.705	36255
1.715	36480
1.725	36591
1.735	36658
1.745	36947
1.755	37014
1.765	37555
1.775	37486
1.785	37557
1.795	37478
1.805	37530
1.815	37383
1.825	37638
1.835	37665
1.845	37685
1.855	38132
1.865	38258
1.875	37874
1.885	38015
1.895	38187
1.905	38475
1.915	37772
1.925	37855
1.935	37916
1.945	37990
1.955	38004
1.965	37915
1.975	37809
1.985	38069
1.995	37836
2.005	37714
2.015	37947
2.025	37299
2.035	37501
2.045	37506
2.055	37226
2.065	37317
2.075	37291
2.085	36847
2.095	37179
2.105	36592
2.115	36660
2.125	36598
2.135	36541
2.145	35977
2.155	36013
2.165	35961
2.175	35656
2.185	35657
2.195	35288
2.205	35308
2.215	35177
2.225	35168
2.235	34695
2.245	34506
2.255	34570
2.265	33818
2.275	33767
2.285	33811
2.295	33607
2.305	33331
2.315	32806
2.325	32813
2.335	32682
2.345	32183
2.355	32595
2.365	32121
2.375	31989
2.385	31490
2.395	31610
2.405	31104
2.415	31205
2.425	30855
2.435	30613
2.445	30237
2.455	30470
2.465	30254
2.475	29845
2.485	29374
2.495	29090
2.505	29135
2.515	29160
2.525	28545
2.535	28366
2.545	27825
2.555	28340
2.565	27693
2.575	27222
2.585	27252
2.595	27079
2.605	26923
2.615	26751
2.625	26178
2.635	26068
2.645	26024
2.655	25433
2.665	25520
2.675	24866
2.685	24956
2.695	24476
2.705	24421
2.715	24204
2.725	24377
2.735	23646
2.745	23690
2.755	23367
2.765	23253
2.775	23043
2.785	22745
2.795	22649
2.805	22347
2.815	22033
2.825	22103
2.835	21520
2.845	21564
2.855	21237
2.865	21074
2.875	21260
2.885	21132
2.895	20546
2.905	20398
2.915	19878
2.925	19883
2.935	19701
2.945	19424
2.955	19283
2.965	19090
2.975	19144
2.985	18663
2.995	18678
3.005	18399
3.015	18198
3.025	18179
3.035	18153
3.045	17657
3.055	17590
3.065	17662
3.075	17180
3.085	16885
3.095	16895
3.105	16602
3.115	16624
3.125	16331
3.135	16283
3.145	16108
3.155	16026
3.165	15782
3.175	15663
3.185	15326
3.195	15367
3.205	14922
3.215	14831
3.225	14623
3.235	14694
3.245	14834
3.255	14170
3.265	14278
3.275	14476
3.285	13685
3.295	13799
3.305	13687
3.315	13542
3.325	13466
3.335	13532
3.345	13289
3.355	12893
3.365	12996
3.375	12625
3.385	12599
3.395	12708
3.405	12192
3.415	12028
3.425	12010
3.435	11940
3.445	11940
3.455	11789
3.465	11800
3.475	11361
3.485	11441
3.495	11334
3.505	11179
3.515	11076
3.525	11087
3.535	10756
3.545	10747
3.555	10661
3.565	10446
3.575	10273
3.585	10373
3.595	10389
3.605	10009
3.615	9939
3.625	10001
3.635	9670
3.645	9813
3.655	9636
3.665	9456
3.675	9515
3.685	9348
3.695	9231
3.705	9108
3.715	9048
3.725	9008
3.735	9040
3.745	8998
3.755	8801
3.765	8867
3.775	8455
3.785	8412
3.795	8404
3.805	8466
3.815	8311
3.825	8230
3.835	8120
3.845	8163
3.855	7884
3.865	7912
3.875	7833
3.885	7938
3.895	7550
3.905	7659
3.915	7645
3.925	7549
3.935	7385
3.945	7264
3.955	7226
3.965	7051
3.975	7106
3.985	6957
3.995	7121
4.005	6962
4.015	7026
4.025	6817
4.035	6710
4.045	6732
4.055	6621
4.065	6701
4.075	6632
4.085	6317
4.095	6373
4.105	6336
4.115	6354
4.125	6326
4.135	6173
4.145	6173
4.155	6073
4.165	6077
4.175	6023
4.185	5956
4.195	5896
4.205	5908
4.215	5909
4.225	5833
4.235	5568
4.245	5749
4.255	5592
4.265	5778
4.275	5515
4.285	5444
4.295	5445
4.305	5559
4.315	5496
4.325	5230
4.335	5226
4.345	5328
4.355	5218
4.365	5175
4.375	5148
4.385	5112
4.395	5080
4.405	5055
4.415	4967
4.425	4952
4.435	4923
4.445	4838
4.455	4906
4.465	4787
4.475	4865
4.485	4706
4.495	4746
4.505	4702
4.515	4684
4.525	4624
4.535	4605
4.545	4697
4.555	4528
4.565	4479
4.575	4418
4.585	4434
4.595	4318
4.605	4480
4.615	4371
4.625	4176
4.635	4280
4.645	4239
4.655	4248
4.665	4236
4.675	4244
4.685	4162
4.695	4078
4.705	4054
4.715	4075
4.725	4139
4.735	4050
4.745	4146
4.755	3943
4.765	3899
4.775	4053
4.785	3880
4.795	3957
4.805	3835
4.815	3879
4.825	3887
4.835	3751
4.845	3760
4.855	3755
4.865	3613
4.875	3818
4.885	3608
4.895	3689
4.905	3656
4.915	3583
4.925	3568
4.935	3641
4.945	3572
4.955	3651
4.965	3405
4.975	3486
4.985	3416
4.995	3430
5.005	3357
5.015	3267
5.025	3443
5.035	3237
5.045	3317
5.055	3274
5.065	3338
5.075	3346
5.085	3360
5.095	3185
5.105	3177
5.115	3256
5.125	3292
5.135	3179
5.145	3186
5.155	3185
5.165	3135
5.175	3112
5.185	3081
5.195	3091
5.205	3136
5.215	3056
5.225	2902
5.235	3080
5.245	3070
5.255	2954
5.265	2961
5.275	2919
5.285	3022
5.295	2816
5.305	2869
5.315	2850
5.325	2871
5.335	2833
5.345	2888
5.355	2825
5.365	2704
5.375	2771
5.385	2837
5.395	2773
5.405	2797
5.415	2714
5.425	2720
5.435	2787
5.445	2668
5.455	2546
5.465	2664
5.475	2668
5.485	2571
5.495	2641
5.505	2578
5.515	2622
5.525	2600
5.535	2527
5.545	2550
5.555	2518
5.565	2440
5.575	2518
5.585	2485
5.595	2476
5.605	2514
5.615	2418
5.625	2397
5.635	2430
5.645	2448
5.655	2432
5.665	2371
5.675	2370
5.685	2318
5.695	2301
5.705	2369
5.715	2351
5.725	2302
5.735	2304
5.745	2291
5.755	2329
5.765	2222
5.775	2260
5.785	2283
5.795	2203
5.805	2230
5.815	2264
5.825	2153
5.835	2145
5.845	2158
5.855	2069
5.865	2107
5.875	2168
5.885	2183
5.895	2084
5.905	2095
5.915	2073
5.925	2151
5.935	2139
5.945	2073
5.955	2111
5.965	2089
5.975	2162
5.985	2024
5.995	2031
6.005	1971
6.015	1942
6.025	1942
6.035	1909
6.045	1936
6.055	1893
6.065	1845
6.075	1934
6.085	1874
6.095	1874
6.105	1913
6.115	1865
6.125	1944
6.135	1877
6.145	1815
6.155	1912
6.165	1860
6.175	1790
6.185	1856
6.195	1807
6.205	1820
6.215	1818
6.225	1775
6.235	1728
6.245	1777
6.255	1741
6.265	1747
6.275	1791
6.285	1707
6.295	1716
6.305	1699
6.315	1644
6.325	1714
6.335	1754
6.345	1673
6.355	1684
6.365	1674
6.375	1602
6.385	1684
6.395	1652
6.405	1617
6.415	1585
6.425	1643
6.435	1642
6.445	1605
6.455	1597
6.465	1612
6.475	1572
6.485	1627
6.495	1491
6.505	1589
6.515	1562
6.525	1592
6.535	1539
6.545	1583
6.555	1540
6.565	1492
6.575	1564
6.585	1526
6.595	1523
6.605	1480
6.615	1499
6.625	1476
6.635	1477
6.645	1469
6.655	1533
6.665	1470
6.675	1397
6.685	1498
6.695	1404
6.705	1435
6.715	1429
6.725	1312
6.735	1413
6.745	1385
6.755	1446
6.765	1367
6.775	1404
6.785	1388
6.795	1386
6.805	1353
6.815	1309
6.825	1330
6.835	1357
6.845	1408
6.855	1325
6.865	1343
6.875	1329
6.885	1259
6.895	1305
6.905	1241
6.915	1267
6.925	1315
6.935	1256
6.945	1310
6.955	1332
6.965	1294
6.975	1304
6.985	1263
6.995	1238
7.005	1265
7.015	1202
7.025	1270
7.035	1223
7.045	1197
7.055	1230
7.065	1221
7.075	1245
7.085	1195
7.095	1211
7.105	1237
7.115	1197
7.125	1197
7.135	1106
7.145	1163
7.155	1240
7.165	1201
7.175	1204
7.185	1100
7.195	1118
7.205	1154
7.215	1246
7.225	1193
7.235	1199
7.245	1129
7.255	1131
7.265	1164
7.275	1116
7.285	1136
7.295	1105
7.305	1159
7.315	1107
7.325	1081
7.335	1028
7.345	1134
7.355	1079
7.365	1055
7.375	1097
7.385	1123
7.395	1063
7.405	1049
7.415	1031
7.425	1066
7.435	1047
7.445	1034
7.455	1000
7.465	1009
7.475	1099
7.485	974
7.495	1047
7.505	1063
7.515	980
7.525	1025
7.535	1000
7.545	1052
7.555	1011
7.565	976
7.575	1038
7.585	986
7.595	932
7.605	1011
7.615	940
7.625	1018
7.635	943
7.645	934
7.655	992
7.665	946
7.675	950
7.685	874
7.695	936
7.705	936
7.715	925
7.725	916
7.735	900
7.745	941
7.755	920
7.765	894
7.775	884
7.785	928
7.795	875
7.805	920
7.815	947
7.825	945
7.835	840
7.845	884
7.855	878
7.865	901
7.875	863
7.885	873
7.895	876
7.905	891
7.915	845
7.925	894
7.935	888
7.945	865
7.955	864
7.965	883
7.975	885
7.985	804
7.995	838
8.005	812
8.015	841
8.025	838
8.035	812
8.045	826
8.055	812
8.065	819
8.075	826
8.085	795
8.095	825
8.105	826
8.115	818
8.125	775
8.135	832
8.145	806
8.155	799
8.165	771
8.175	788
8.185	764
8.195	794
8.205	749
8.215	828
8.225	719
8.235	756
8.245	733
8.255	736
8.265	776
8.275	754
8.285	763
8.295	768
8.305	733
8.315	751
8.325	723
8.335	766
8.345	754
8.355	776
8.365	770
8.375	705
8.385	726
8.395	709
8.405	720
8.415	759
8.425	683
8.435	669
8.445	717
8.455	725
8.465	697
8.475	746
8.485	714
8.495	698
8.505	723
8.515	721
8.525	716
8.535	662
8.545	718
8.555	736
8.565	716
8.575	684
8.585	731
8.595	737
8.605	713
8.615	691
8.625	716
8.635	637
8.645	689
8.655	657
8.665	709
8.675	695
8.685	655
8.695	708
8.705	662
8.715	693
8.725	659
8.735	602
8.745	605
8.755	616
8.765	628
8.775	602
8.785	609
8.795	622
8.805	645
8.815	607
8.825	624
8.835	670
8.845	673
8.855	647
8.865	647
8.875	605
8.885	563
8.895	666
8.905	629
8.915	615
8.925	631
8.935	589
8.945	595
8.955	553
8.965	652
8.975	615
8.985	607
8.995	611
9.005	621
9.015	630
9.025	628
9.035	561
9.045	589
9.055	582
9.065	586
9.075	620
9.085	618
9.095	607
9.105	568
9.115	588
9.125	574
9.135	575
9.145	547
9.155	544
9.165	583
9.175	620
9.185	575
9.195	545
9.205	572
9.215	577
9.225	550
9.235	558
9.245	569
9.255	585
9.265	540
9.275	550
9.285	553
9.295	530
9.305	503
9.315	571
9.325	555
9.335	529
9.345	514
9.355	528
9.365	514
9.375	534
9.385	556
9.395	485
9.405	503
9.415	527
9.425	512
9.435	496
9.445	490
9.455	536
9.465	505
9.475	540
9.485	539
9.495	532
9.505	523
9.515	498
9.525	532
9.535	505
9.545	495
9.555	504
9.565	538
9.575	491
9.585	510
9.595	466
9.605	477
9.615	483
9.625	470
9.635	473
9.645	522
9.655	522
9.665	528
9.675	492
9.685	484
9.695	466
9.705	525
9.715	429
9.725	463
9.735	500
9.745	453
9.755	448
9.765	521
9.775	485
9.785	486
9.795	476
9.805	481
9.815	481
9.825	485
9.835	463
9.845	474
9.855	482
9.865	458
9.875	471
9.885	453
9.895	480
9.905	427
9.915	441
9.925	450
9.935	447
9.945	468
9.955	471
9.965	459
9.975	434
9.985	443
9.995	438
10.005	450
10.015	455
10.025	475
10.035	436
10.045	408
10.055	386
10.065	445
10.075	471
10.085	434
10.095	453
10.105	403
10.115	447
10.125	425
10.135	399
10.145	433
10.155	412
10.165	442
10.175	416
10.185	402
10.195	383
10.205	404
10.215	397
10.225	468
10.235	427
10.245	420
10.255	436
10.265	398
10.275	387
10.285	459
10.295	396
10.305	378
10.315	415
10.325	390
10.335	404
10.345	380
10.355	406
10.365	409
10.375	366
10.385	415
10.395	428
10.405	413
10.415	425
10.425	398
10.435	389
10.445	353
10.455	389
10.465	384
10.475	413
10.485	355
10.495	407
10.505	383
10.515	427
10.525	350
10.535	394
10.545	367
10.555	392
10.565	431
10.575	351
10.585	449
10.595	374
10.605	347
10.615	383
10.625	377
10.635	389
10.645	365
10.655	384
10.665	347
10.675	355
10.685	395
10.695	350
10.705	341
10.715	379
10.725	370
10.735	355
10.745	355
10.755	380
10.765	328
10.775	331
10.785	344
10.795	380
10.805	335
10.815	355
10.825	325
10.835	353
10.845	340
10.855	379
10.865	338
10.875	361
10.885	375
10.895	355
10.905	297
10.915	352
10.925	362
10.935	359
10.945	356
10.955	355
10.965	345
10.975	330
10.985	363
10.995	341
11.005	349
11.015	320
11.025	319
11.035	348
11.045	327
11.055	337
11.065	330
11.075	318
11.085	328
11.095	347
11.105	306
11.115	334
11.125	313
11.135	340
11.145	319
11.155	323
11.165	305
11.175	320
11.185	340
11.195	299
11.205	275
11.215	323
11.225	319
11.235	334
11.245	300
11.255	297
11.265	319
11.275	324
11.285	357
11.295	320
11.305	335
11.315	328
11.325	290
11.335	307
11.345	288
11.355	294
11.365	334
11.375	291
11.385	296
11.395	302
11.405	284
11.415	337
11.425	302
11.435	306
11.445	281
11.455	284
11.465	326
11.475	298
11.485	285
11.495	278
11.505	314
11.515	298
11.525	298
11.535	327
11.545	318
11.555	300
11.565	306
11.575	299
11.585	294
11.595	307
11.605	328
11.615	309
11.625	310
11.635	300
11.645	293
11.655	291
11.665	303
11.675	314
11.685	324
11.695	320
11.705	271
11.715	318
11.725	295
11.735	291
11.745	284
11.755	301
11.765	301
11.775	253
11.785	271
11.795	265
11.805	296
11.815	271
11.825	289
11.835	297
11.845	310
11.855	289
11.865	306
11.875	297
11.885	292
11.895	303
11.905	290
11.915	287
11.925	298
11.935	304
11.945	287
11.955	274
11.965	312
11.975	297
11.985	274
11.995	255
12.005	306
12.015	281
12.025	289
12.035	270
12.045	288
12.055	271
12.065	296
12.075	278
12.085	283
12.095	298
12.105	289
12.115	277
12.125	264
12.135	253
12.145	266
12.155	259
12.165	286
12.175	285
12.185	292
12.195	288
12.205	294
12.215	293
12.225	303
12.235	311
12.245	256
12.255	293
12.265	274
12.275	266
12.285	254
12.295	255
12.305	281
12.315	279
12.325	269
12.335	270
12.345	236
12.355	247
12.365	280
12.375	259
12.385	262
12.395	242
12.405	270
12.415	274
12.425	261
12.435	275
12.445	258
12.455	270
12.465	245
12.475	269
12.485	256
12.495	254
12.505	233
12.515	244
12.525	259
12.535	241
12.545	252
12.555	287
12.565	252
12.575	280
12.585	244
12.595	245
12.605	250
12.615	244
12.625	266
12.635	224
12.645	269
12.655	222
12.665	273
12.675	232
12.685	257
12.695	249
12.705	240
12.715	239
12.725	222
12.735	233
12.745	243
12.755	265
12.765	273
12.775	240
12.785	238
12.795	250
12.805	221
12.815	239
12.825	225
12.835	261
12.845	231
12.855	239
12.865	236
12.875	267
12.885	264
12.895	261
12.905	237
12.915	262
12.925	237
12.935	250
12.945	229
12.955	225
12.965	231
12.975	223
12.985	246
12.995	238
13.005	230
13.015	247
13.025	232
13.035	226
13.045	199
13.055	223
13.065	192
13.075	227
13.085	246
13.095	220
13.105	207
13.115	232
13.125	241
13.135	224
13.145	245
13.155	237
13.165	260
13.175	205
13.185	241
13.195	232
13.205	218
13.215	232
13.225	216
13.235	201
13.245	226
13.255	222
13.265	214
13.275	234
13.285	238
13.295	222
13.305	180
13.315	212
13.325	211
13.335	212
13.345	227
13.355	194
13.365	235
13.375	217
13.385	202
13.395	236
13.405	222
13.415	220
13.425	208
13.435	225
13.445	224
13.455	206
13.465	214
13.475	191
13.485	189
13.495	229
13.505	214
13.515	221
13.525	195
13.535	200
13.545	206
13.555	235
13.565	204
13.575	202
13.585	232
13.595	208
13.605	206
13.615	206
13.625	190
13.635	198
13.645	205
13.655	201
13.665	188
13.675	198
13.685	188
13.695	205
13.705	191
13.715	194
13.725	190
13.735	187
13.745	191
13.755	204
13.765	173
13.775	198
13.785	168
13.795	200
13.805	182
13.815	190
13.825	168
13.835	185
13.845	171
13.855	192
13.865	168
13.875	181
13.885	209
13.895	172
13.905	182
13.915	210
13.925	164
13.935	189
13.945	199
13.955	172
13.965	168
13.975	180
13.985	172
13.995	171
14.005	184
14.015	179
14.025	204
14.035	175
14.045	178
14.055	187
14.065	159
14.075	182
14.085	194
14.095	186
14.105	169
14.115	160
14.125	148
14.135	177
14.145	160
14.155	189
14.165	160
14.175	176
14.185	162
14.195	164
14.205	184
14.215	176
14.225	185
14.235	174
14.245	183
14.255	179
14.265	155
14.275	153
14.285	150
14.295	163
14.305	176
14.315	172
14.325	159
14.335	170
14.345	187
14.355	153
14.365	154
14.375	159
14.385	166
14.395	176
14.405	156
14.415	151
14.425	150
14.435	166
14.445	166
14.455	166
14.465	137
14.475	133
14.485	128
14.495	142
14.505	150
14.515	172
14.525	153
14.535	141
14.545	159
14.555	162
14.565	136
14.575	138
14.585	130
14.595	150
14.605	123
14.615	145
14.625	150
14.635	149
14.645	139
14.655	158
14.665	157
14.675	174
14.685	140
14.695	145
14.705	165
14.715	153
14.725	136
14.735	157
14.745	117
14.755	174
14.765	151
14.775	119
14.785	145
14.795	134
14.805	120
14.815	130
14.825	141
14.835	153
14.845	135
14.855	141
14.865	130
14.875	138
14.885	142
14.895	155
14.905	124
14.915	141
14.925	141
14.935	116
14.945	131
14.955	133
14.965	137
14.975	146
14.985	146
14.995	154
15.005	157
15.015	123
15.025	155
15.035	117
15.045	136
15.055	142
15.065	139
15.075	150
15.085	132
15.095	135
15.105	135
15.115	121
15.125	120
15.135	130
15.145	141
15.155	137
15.165	147
15.175	141
15.185	120
15.195	129
15.205	127
15.215	148
15.225	124
15.235	127
15.245	118
15.255	121
15.265	141
15.275	144
15.285	104
15.295	123
15.305	132
15.315	113
15.325	120
15.335	125
15.345	108
15.355	123
15.365	109
15.375	141
15.385	144
15.395	125
15.405	114
15.415	118
15.425	127
15.435	125
15.445	126
15.455	125
15.465	118
15.475	111
15.485	144
15.495	124
15.505	113
15.515	120
15.525	106
15.535	118
15.545	125
15.555	126
15.565	113
15.575	116
15.585	125
15.595	117
15.605	116
15.615	118
15.625	120
15.635	110
15.645	121
15.655	135
15.665	119
15.675	115
15.685	141
15.695	120
15.705	123
15.715	118
15.725	120
15.735	120
15.745	114
15.755	127
15.765	107
15.775	136
15.785	134
15.795	94
15.805	132
15.815	105
15.825	117
15.835	111
15.845	96
15.855	107
15.865	98
15.875	129
15.885	123
15.895	107
15.905	94
15.915	100
15.925	104
15.935	132
15.945	101
15.955	100
15.965	121
15.975	111
15.985	117
15.995	117
16.005	89
16.015	126
16.025	127
16.035	99
16.045	113
16.055	102
16.065	114
16.075	99
16.085	108
16.095	120
16.105	109
16.115	101
16.125	105
16.135	122
16.145	115
16.155	114
16.165	107
16.175	90
16.185	137
16.195	107
16.205	115
16.215	102
16.225	100
16.235	125
16.245	95
16.255	110
16.265	126
16.275	104
16.285	92
16.295	112
16.305	108
16.315	114
16.325	107
16.335	95
16.345	109
16.355	82
16.365	109
16.375	118
16.385	118
16.395	104
16.405	94
16.415	103
16.425	107
16.435	135
16.445	126
16.455	99
16.465	95
16.475	102
16.485	98
16.495	103
16.505	89
16.515	114
16.525	70
16.535	92
16.545	90
16.555	108
16.565	104
16.575	99
16.585	114
16.595	124
16.605	127
16.615	106
16.625	109
16.635	98
16.645	103
16.655	101
16.665	111
16.675	82
16.685	96
16.695	95
16.705	83
16.715	98
16.725	94
16.735	102
16.745	104
16.755	93
16.765	107
16.775	90
16.785	92
16.795	96
16.805	89
16.815	94
16.825	105
16.835	87
16.845	90
16.855	114
16.865	105
16.875	75
16.885	104
16.895	91
16.905	87
16.915	93
16.925	109
16.935	100
16.945	97
16.955	82
16.965	87
16.975	97
16.985	93
16.995	99
17.005	104
17.015	107
17.025	103
17.035	87
17.045	120
17.055	108
17.065	101
17.075	100
17.085	105
17.095	87
17.105	94
17.115	99
17.125	86
17.135	107
17.145	73
17.155	83
17.165	101
17.175	98
17.185	111
17.195	101
17.205	94
17.215	104
17.225	99
17.235	99
17.245	101
17.255	105
17.265	103
17.275	102
17.285	85
17.295	102
17.305	95
17.315	114
17.325	83
17.335	101
17.345	109
17.355	106
17.365	98
17.375	104
17.385	90
17.395	79
17.405	101
17.415	94
17.425	89
17.435	92
17.445	103
17.455	101
17.465	97
17.475	102
17.485	117
17.495	92
17.505	101
17.515	107
17.525	106
17.535	104
17.545	88
17.555	90
17.565	99
17.575	84
17.585	104
17.595	114
17.605	94
17.615	115
17.625	87
17.635	90
17.645	100
17.655	83
17.665	99
17.675	89
17.685	98
17.695	76
17.705	94
17.715	104
17.725	89
17.735	97
17.745	82
17.755	101
17.765	93
17.775	92
17.785	93
17.795	87
17.805	89
17.815	103
17.825	97
17.835	95
17.845	97
17.855	86
17.865	81
17.875	87
17.885	95
17.895	84
17.905	89
17.915	87
17.925	111
17.935	100
17.945	95
17.955	93
17.965	92
17.975	88
17.985	97
17.995	85
18.005	99
18.015	107
18.025	92
18.035	106
18.045	116
18.055	87
18.065	107
18.075	111
18.085	85
18.095	73
18.105	101
18.115	112
18.125	95
18.135	97
18.145	95
18.155	91
18.165	82
18.175	98
18.185	91
18.195	81
18.205	98
18.215	87
18.225	93
18.235	90
18.245	104
18.255	93
18.265	101
18.275	93
18.285	103
18.295	104
18.305	95
18.315	99
18.325	120
18.335	98
18.345	84
18.355	96
18.365	85
18.375	82
18.385	87
18.395	100
18.405	97
18.415	82
18.425	96
18.435	101
18.445	81
18.455	94
18.465	99
18.475	90
18.485	93
18.495	78
18.505	84
18.515	107
18.525	107
18.535	84
18.545	97
18.555	103
18.565	101
18.575	107
18.585	86
18.595	92
18.605	81
18.615	86
18.625	93
18.635	83
18.645	88
18.655	95
18.665	86
18.675	84
18.685	99
18.695	91
18.705	107
18.715	96
18.725	100
18.735	91
18.745	98
18.755	94
18.765	94
18.775	93
18.785	90
18.795	103
18.805	73
18.815	82
18.825	113
18.835	120
18.845	85
18.855	86
18.865	112
18.875	107
18.885	115
18.895	102
18.905	96
18.915	97
18.925	86
18.935	99
18.945	112
18.955	114
18.965	78
18.975	102
18.985	97
18.995	88
19.005	97
19.015	90
19.025	123
19.035	93
19.045	104
19.055	107
19.065	98
19.075	94
19.085	100
19.095	99
19.105	112
19.115	96
19.125	87
19.135	87
19.145	114
19.155	104
19.165	107
19.175	103
19.185	83
19.195	96
19.205	87
19.215	114
19.225	119
19.235	89
19.245	93
19.255	97
19.265	111
19.275	95
19.285	111
19.295	97
19.305	93
19.315	108
19.325	102
19.335	119
19.345	118
19.355	94
19.365	115
19.375	113
19.385	108
19.395	101
19.405	112
19.415	109
19.425	113
19.435	114
19.445	108
19.455	103
19.465	95
19.475	105
19.485	124
19.495	100
19.505	132
19.515	118
19.525	117
19.535	116
19.545	104
19.555	121
19.565	120
19.575	102
19.585	136
19.595	119
19.605	121
19.615	126
19.625	118
19.635	115
19.645	123
19.655	98
19.665	114
19.675	126
19.685	126
19.695	130
19.705	131
19.715	114
19.725	131
19.735	131
19.745	121
19.755	115
19.765	130
19.775	119
19.785	128
19.795	122
19.805	136
19.815	131
19.825	145
19.835	134
19.845	113
19.855	143
19.865	115
19.875	135
19.885	131
19.895	118
19.905	113
19.915	122
19.925	113
19.935	129
19.945	141
19.955	119
19.965	131
19.975	103
19.985	130
19.995	128
