0.166971	1.02407e-10
0.168543	1.13275e-10
0.170129	1.25838e-10
0.171731	1.3921e-10
0.173347	1.53141e-10
0.174979	1.68009e-10
0.176626	1.85241e-10
0.178289	2.04419e-10
0.179967	2.25633e-10
0.181661	2.49366e-10
0.183371	2.76007e-10
0.185097	3.05124e-10
0.18684	3.36848e-10
0.188598	3.71018e-10
0.190374	4.08973e-10
0.192166	4.50852e-10
0.193975	4.98536e-10
0.1958	5.51946e-10
0.197644	6.11843e-10
0.199504	6.78373e-10
0.201382	7.52444e-10
0.203278	8.33498e-10
0.205191	9.23172e-10
0.207123	1.02144e-09
0.209072	1.13142e-09
0.21104	1.25403e-09
0.213027	1.39185e-09
0.215032	1.54273e-09
0.217056	1.70859e-09
0.2191	1.8911e-09
0.221162	2.09768e-09
0.223244	2.3259e-09
0.225345	2.57925e-09
0.227467	2.86267e-09
0.229608	3.18285e-09
0.231769	3.53276e-09
0.233951	3.91487e-09
0.236153	4.33315e-09
0.238376	4.80641e-09
0.24062	5.33276e-09
0.242885	5.92111e-09
0.245171	6.57104e-09
0.247479	7.29554e-09
0.249809	8.09507e-09
0.25216	8.98841e-09
0.254534	9.97558e-09
0.25693	1.10779e-08
0.259348	1.22912e-08
0.26179	1.36417e-08
0.264254	1.5137e-08
0.266741	1.68159e-08
0.269252	1.86709e-08
0.271787	2.07315e-08
0.274345	2.30021e-08
0.276928	2.55385e-08
0.279534	2.83387e-08
0.282166	3.14592e-08
0.284822	3.49078e-08
0.287503	3.87569e-08
0.290209	4.29843e-08
0.292941	4.76706e-08
0.295699	5.28611e-08
0.298482	5.86972e-08
0.301292	6.51327e-08
0.304128	7.22391e-08
0.306991	8.00782e-08
0.30988	8.88501e-08
0.312797	9.84995e-08
0.315742	1.09157e-07
0.318714	1.20878e-07
0.321714	1.33955e-07
0.324743	1.48375e-07
0.327799	1.64368e-07
0.330885	1.81964e-07
0.334	2.01486e-07
0.337144	2.22948e-07
0.340317	2.46729e-07
0.343521	2.7287e-07
0.346755	3.01833e-07
0.350019	3.33655e-07
0.353313	3.68851e-07
0.356639	4.0748e-07
0.359996	4.50169e-07
0.363385	4.96984e-07
0.366806	5.4866e-07
0.370259	6.05307e-07
0.373744	6.67813e-07
0.377262	7.36187e-07
0.380813	8.11392e-07
0.384398	8.93933e-07
0.388016	9.85093e-07
0.391669	1.08445e-06
0.395356	1.19288e-06
0.399077	1.31128e-06
0.402834	1.44196e-06
0.406626	1.58453e-06
0.410454	1.74001e-06
0.414317	1.90918e-06
0.418217	2.09464e-06
0.422154	2.29661e-06
0.426128	2.51706e-06
0.430139	2.75655e-06
0.434188	3.01765e-06
0.438275	3.30096e-06
0.442401	3.60929e-06
0.446565	3.94356e-06
0.450769	4.30685e-06
0.455012	4.69969e-06
0.459295	5.12518e-06
0.463619	5.58451e-06
0.467983	6.08175e-06
0.472388	6.61806e-06
0.476835	7.19732e-06
0.481323	7.8205e-06
0.485854	8.49169e-06
0.490427	9.21343e-06
0.495044	9.99053e-06
0.499704	1.08238e-05
0.504408	1.17167e-05
0.509156	1.26708e-05
0.513949	1.36918e-05
0.518787	1.47835e-05
0.52367	1.59508e-05
0.528599	1.71978e-05
0.533575	1.85266e-05
0.538598	1.99337e-05
0.543668	2.14218e-05
0.548786	2.29959e-05
0.553951	2.46674e-05
0.559166	2.64439e-05
0.564429	2.83269e-05
0.569743	3.03152e-05
0.575106	3.24053e-05
0.580519	3.46018e-05
0.585984	3.69109e-05
0.5915	3.9335e-05
0.597068	4.18746e-05
0.602688	4.45333e-05
0.608361	4.73091e-05
0.614088	5.02078e-05
0.619869	5.32288e-05
0.625703	5.63563e-05
0.631593	5.95854e-05
0.637539	6.29469e-05
0.64354	6.64578e-05
0.649598	7.01017e-05
0.655713	7.38491e-05
0.661885	7.76983e-05
0.668115	8.165e-05
0.674405	8.57143e-05
0.680753	8.98899e-05
0.687161	9.41652e-05
0.693629	9.85294e-05
0.700159	0.000102973
0.706749	0.000107485
0.713402	0.000112127
0.720118	0.000116894
0.726896	0.000121706
0.733739	0.000126546
0.740646	0.000131445
0.747617	0.000136418
0.754655	0.000141442
0.761759	0.000146507
0.768929	0.000151617
0.776167	0.00015676
0.783474	0.00016194
0.790849	0.000167159
0.798293	0.000172413
0.805808	0.000177693
0.813393	0.000182969
0.821049	0.000188252
0.828778	0.000193576
0.83658	0.00019896
0.844455	0.000204352
0.852404	0.000209708
0.860427	0.000215088
0.868527	0.000220531
0.876702	0.000226008
0.884955	0.000231488
0.893285	0.000236998
0.901694	0.000242572
0.910182	0.000248167
0.91875	0.000253758
0.927398	0.000259387
0.936128	0.000265072
0.94494	0.000270806
0.953835	0.000276549
0.962813	0.000282334
0.971877	0.00028822
0.981025	0.000294163
0.99026	0.000300117
0.999581	0.000306061
1.00899	0.000311995
1.01849	0.000317958
1.02808	0.000323965
1.03775	0.000330001
1.04752	0.000336008
1.05738	0.000342004
1.06734	0.000348029
1.07738	0.000354016
1.08752	0.000359906
1.09776	0.000365767
1.1081	0.000371651
1.11853	0.000377511
1.12905	0.000383227
1.13968	0.000388777
1.15041	0.00039424
1.16124	0.000399615
1.17217	0.000404903
1.1832	0.000410143
1.19434	0.000415322
1.20559	0.000420381
1.21693	0.000425239
1.22839	0.000429886
1.23995	0.000434396
1.25162	0.000438782
1.26341	0.000443044
1.2753	0.000447182
1.2873	0.000451168
1.29942	0.000454981
1.31165	0.00045862
1.324	0.000462072
1.33646	0.000465347
1.34904	0.000468479
1.36174	0.000471482
1.37456	0.000474311
1.3875	0.000476915
1.40056	0.000479324
1.41374	0.000481583
1.42705	0.000483658
1.44049	0.000485506
1.45404	0.000487164
1.46773	0.000488667
1.48155	0.000489946
1.49549	0.000490946
1.50957	0.00049173
1.52378	0.00049236
1.53813	0.000492795
1.5526	0.000492972
1.56722	0.000492899
1.58197	0.000492617
1.59686	0.000492106
1.61189	0.000491357
1.62707	0.000490394
1.64238	0.00048923
1.65784	0.000487884
1.67345	0.00048635
1.6892	0.000484575
1.7051	0.000482523
1.72115	0.000480251
1.73736	0.000477818
1.75371	0.000475174
1.77022	0.000472265
1.78688	0.000469137
1.8037	0.000465834
1.82068	0.000462384
1.83782	0.000458777
1.85512	0.000454978
1.87258	0.000450955
1.89021	0.00044675
1.908	0.000442409
1.92596	0.000437901
1.94409	0.000433192
1.96239	0.00042834
1.98086	0.000423383
1.99951	0.000418278
2.01833	0.000412984
2.03733	0.000407552
2.05651	0.000402023
2.07587	0.0003964
2.09541	0.000390668
2.11513	0.000384852
2.13504	0.000378959
2.15514	0.000372968
2.17543	0.000366833
2.1959	0.000360624
2.21657	0.000354423
2.23744	0.000348169
2.2585	0.000341802
2.27976	0.000335378
2.30122	0.000328978
2.32288	0.000322557
2.34475	0.000316079
2.36682	0.000309585
2.3891	0.00030314
2.41159	0.000296698
2.43429	0.000290202
2.4572	0.000283682
2.48033	0.000277216
2.50368	0.000270821
2.52725	0.000264437
2.55104	0.000258089
2.57505	0.000251793
2.59929	0.000245542
2.62376	0.000239328
2.64846	0.000233167
2.67339	0.000227074
2.69855	0.000221058
2.72396	0.000215112
2.7496	0.000209244
2.77548	0.000203456
2.80161	0.00019775
2.82798	0.000192127
2.8546	0.000186591
2.88147	0.000181148
2.90859	0.000175803
2.93597	0.000170559
2.96361	0.000165408
2.99151	0.000160347
3.01967	0.00015539
3.04809	0.000150551
3.07678	0.00014582
3.10575	0.000141184
3.13498	0.00013665
3.16449	0.000132234
3.19428	0.000127926
3.22435	0.000123715
3.2547	0.000119608
3.28534	0.000115619
3.31626	0.000111741
3.34748	0.000107968
3.37899	0.000104295
3.4108	0.000100725
3.4429	9.72571e-05
3.47531	9.38941e-05
3.50803	9.06317e-05
3.54105	8.74703e-05
3.57438	8.44026e-05
3.60803	8.14297e-05
3.64199	7.85513e-05
3.67627	7.57732e-05
3.71088	7.30884e-05
3.74581	7.04946e-05
3.78107	6.79892e-05
3.81666	6.55776e-05
3.85259	6.32577e-05
3.88886	6.10304e-05
3.92546	5.88932e-05
3.96241	5.68471e-05
3.99971	5.48871e-05
4.03736	5.3014e-05
4.07537	5.12228e-05
4.11373	4.95156e-05
4.15245	4.7886e-05
4.19154	4.63348e-05
4.231	4.48557e-05
4.27082	4.34512e-05
4.31103	4.21122e-05
4.35161	4.08386e-05
4.39257	3.96267e-05
4.43392	3.84812e-05
4.47566	3.73905e-05
4.51779	3.63516e-05
4.56031	3.53594e-05
4.60324	3.44195e-05
4.64657	3.35214e-05
4.69031	3.26626e-05
4.73446	3.18393e-05
4.77903	3.10563e-05
4.82401	3.03033e-05
4.86942	2.95781e-05
4.91526	2.88762e-05
4.96153	2.82015e-05
5.00823	2.75481e-05
5.05538	2.69154e-05
5.10296	2.62992e-05
5.151	2.5701e-05
5.19949	2.51161e-05
5.24843	2.45447e-05
5.29784	2.39842e-05
5.34771	2.34358e-05
5.39804	2.28979e-05
5.44886	2.23712e-05
5.50015	2.18529e-05
5.55192	2.13429e-05
5.60418	2.08399e-05
5.65694	2.03453e-05
5.71019	1.98579e-05
5.76394	1.93776e-05
5.8182	1.89045e-05
5.87296	1.84396e-05
5.92825	1.79818e-05
5.98405	1.75303e-05
6.04038	1.70856e-05
6.09724	1.6649e-05
6.15464	1.62198e-05
6.21257	1.57975e-05
6.27105	1.5382e-05
6.33008	1.49742e-05
6.38967	1.45739e-05
6.44982	1.41808e-05
6.51053	1.37951e-05
6.57181	1.34175e-05
6.63368	1.30481e-05
6.69612	1.26869e-05
6.75915	1.23332e-05
6.82278	1.19871e-05
6.887	1.16485e-05
6.95183	1.13183e-05
7.01727	1.0996e-05
7.08333	1.06813e-05
7.15	1.03743e-05
7.21731	1.00753e-05
7.28525	9.78465e-06
7.35382	9.50239e-06
7.42305	9.22781e-06
7.49292	8.96077e-06
7.56345	8.70104e-06
7.63465	8.44938e-06
7.70652	8.20519e-06
7.77906	7.96835e-06
7.85229	7.73849e-06
7.9262	7.51616e-06
8.00081	7.30061e-06
8.07613	7.09182e-06
8.15215	6.88948e-06
8.22889	6.69419e-06
8.30635	6.50511e-06
8.38454	6.32221e-06
8.46346	6.14474e-06
8.54313	5.97318e-06
8.62355	5.80673e-06
8.70472	5.64547e-06
8.78666	5.48912e-06
8.86937	5.33825e-06
8.95286	5.19195e-06
9.03714	5.05002e-06
9.12221	4.91209e-06
9.20808	4.77884e-06
9.29476	4.64952e-06
9.38225	4.52391e-06
9.47057	4.40177e-06
9.55971	4.28373e-06
9.6497	4.16904e-06
9.74054	4.05745e-06
9.83223	3.94873e-06
9.92478	3.84341e-06
10.0182	3.74122e-06
10.1125	3.64209e-06
10.2077	3.54561e-06
10.3038	3.45193e-06
10.4008	3.36068e-06
10.4987	3.27204e-06
10.5975	3.18573e-06
10.6973	3.10183e-06
10.798	3.02032e-06
10.8996	2.94148e-06
11.0022	2.86491e-06
11.1058	2.79053e-06
11.2103	2.71805e-06
11.3158	2.64776e-06
11.4224	2.57941e-06
11.5299	2.51304e-06
11.6384	2.44848e-06
11.748	2.38589e-06
11.8586	2.32491e-06
11.9702	2.26555e-06
12.0829	2.20757e-06
12.1966	2.15116e-06
12.3114	2.09595e-06
12.4273	2.04194e-06
12.5443	1.98895e-06
12.6624	1.93722e-06
12.7816	1.8866e-06
12.9019	1.8371e-06
13.0233	1.78863e-06
13.1459	1.74127e-06
13.2697	1.6951e-06
13.3946	1.65021e-06
13.5207	1.60671e-06
13.6479	1.56452e-06
13.7764	1.5238e-06
13.9061	1.4847e-06
14.037	1.44696e-06
14.1691	1.41049e-06
14.3025	1.37491e-06
14.4371	1.34037e-06
14.573	1.30654e-06
14.7102	1.27354e-06
14.8487	1.24105e-06
14.9884	1.20912e-06
15.1295	1.17763e-06
15.2719	1.14668e-06
15.4157	1.1162e-06
15.5608	1.08616e-06
15.7073	1.05673e-06
15.8552	1.02801e-06
16.0044	1.00029e-06
16.1551	9.73474e-07
16.3071	9.47783e-07
16.4606	9.23229e-07
16.6156	8.99746e-07
16.772	8.77375e-07
16.9299	8.55773e-07
17.0892	8.351e-07
17.2501	8.15211e-07
17.4125	7.92094e-07
17.5764	7.66632e-07
17.7418	7.50508e-07
17.9088	7.39755e-07
18.0774	7.23502e-07
18.2476	7.06337e-07
18.4193	6.90074e-07
18.5927	6.74086e-07
18.7678	6.5874e-07
18.9444	6.43813e-07
19.1227	6.29245e-07
19.3028	6.14973e-07
19.4845	6.01105e-07
19.6679	5.8759e-07
19.853	5.74418e-07
20.0399	5.61526e-07
20.2285	5.48944e-07
20.4189	5.36636e-07
20.6111	5.24621e-07
20.8052	5.12894e-07
21.001	5.01473e-07
21.1987	4.90362e-07
21.3982	4.7957e-07
21.5997	4.69081e-07
21.803	4.58924e-07
22.0082	4.49027e-07
22.2154	4.39359e-07
22.4245	4.30014e-07
22.6356	4.21026e-07
22.8487	4.12892e-07
23.0638	4.05646e-07
23.2809	4.00026e-07
23.5	3.96116e-07
23.7212	3.9297e-07
23.9445	3.90493e-07
24.1699	3.88187e-07
24.3974	3.85424e-07
24.6271	3.82154e-07
24.8589	3.78262e-07
25.0929	3.73128e-07
25.3291	3.66817e-07
25.5675	3.59207e-07
25.8082	3.50135e-07
26.0512	3.40806e-07
26.2964	3.31314e-07
26.5439	3.2171e-07
26.7938	3.12291e-07
27.046	3.03358e-07
27.3006	2.94577e-07
27.5576	2.86268e-07
27.817	2.78576e-07
28.0788	2.72213e-07
28.3431	2.67086e-07
28.6099	2.63003e-07
28.8792	2.60063e-07
29.1511	2.57331e-07
29.4255	2.5438e-07
29.7025	2.51208e-07
29.9821	2.4733e-07
30.2643	2.42418e-07
30.5492	2.36914e-07
30.8368	2.31324e-07
31.127	2.25686e-07
31.42	2.19998e-07
31.7158	2.14358e-07
32.0144	2.09263e-07
32.3157	2.04984e-07
32.6199	2.01223e-07
32.927	1.97711e-07
33.2369	1.94264e-07
33.5498	1.9027e-07
33.8656	1.86035e-07
34.1844	1.81667e-07
34.5062	1.7723e-07
34.831	1.72629e-07
35.1589	1.67901e-07
35.4898	1.64173e-07
35.8239	1.61593e-07
36.1611	1.58496e-07
36.5015	1.55256e-07
36.8451	1.52077e-07
37.1919	1.48935e-07
37.542	1.45845e-07
37.8954	1.42859e-07
38.2521	1.4001e-07
38.6122	1.37242e-07
38.9757	1.34516e-07
39.3426	1.31818e-07
39.7129	1.29143e-07
40.0867	1.26607e-07
40.4641	1.24371e-07
40.845	1.22856e-07
41.2294	1.21917e-07
41.6175	1.21229e-07
42.0093	1.20246e-07
42.4047	1.19064e-07
42.8039	1.17474e-07
43.2068	1.15687e-07
43.6136	1.13806e-07
44.0241	1.11819e-07
44.4385	1.1006e-07
44.8568	1.09056e-07
45.2791	1.08972e-07
45.7053	1.09129e-07
46.1355	1.09368e-07
46.5698	1.09689e-07
47.0082	1.09453e-07
47.4507	1.07631e-07
47.8973	1.0478e-07
48.3482	1.01631e-07
48.8033	9.87144e-08
49.2627	9.59179e-08
49.7264	9.35286e-08
50.1945	9.13999e-08
50.667	8.93968e-08
51.144	8.74245e-08
51.6254	8.54686e-08
52.1113	8.35913e-08
52.6019	8.20478e-08
53.097	8.0614e-08
53.5968	7.9188e-08
54.1014	7.77562e-08
54.6106	7.62756e-08
55.1247	7.46739e-08
55.6436	7.28923e-08
56.1674	7.10458e-08
56.6961	6.91675e-08
57.2298	6.72591e-08
57.7685	6.54169e-08
58.3123	6.37548e-08
58.8612	6.2169e-08
59.4153	6.0583e-08
59.9746	5.90014e-08
60.5391	5.74077e-08
61.109	5.57986e-08
61.6842	5.41734e-08
62.2649	5.26007e-08
62.851	5.14458e-08
63.4426	5.08179e-08
64.0398	5.0339e-08
64.6426	4.98451e-08
65.2511	4.93092e-08
65.8654	4.82288e-08
66.4854	4.68346e-08
67.1112	4.5428e-08
67.7429	4.40093e-08
68.3806	4.27294e-08
69.0243	4.17325e-08
69.674	4.00789e-08
70.3299	3.79786e-08
70.9919	3.60031e-08
71.6602	3.41225e-08
72.3347	3.26416e-08
73.0157	3.14673e-08
73.703	3.03589e-08
74.3967	2.92686e-08
75.0971	2.83004e-08
75.804	2.74092e-08
76.5175	2.6583e-08
77.2378	2.57688e-08
77.9649	2.49556e-08
78.6988	2.41552e-08
79.4396	2.34109e-08
80.1874	2.29006e-08
80.9422	2.26241e-08
81.7041	2.23972e-08
82.4732	2.21698e-08
83.2495	2.193e-08
84.0332	2.14225e-08
84.8242	2.05427e-08
85.6227	1.96442e-08
86.4287	1.87539e-08
87.2422	1.86484e-08
88.0635	1.87217e-08
88.8924	1.87907e-08
89.7292	1.88572e-08
90.5738	1.88554e-08
91.4264	1.85684e-08
92.287	1.82027e-08
93.1558	1.78363e-08
94.0327	1.74682e-08
94.9178	1.70971e-08
95.8113	1.67283e-08
96.7132	1.63618e-08
97.6236	1.5993e-08
98.5425	1.56217e-08
99.4701	1.52499e-08
100.406	1.48839e-08
101.352	1.44417e-08
102.306	1.37746e-08
103.269	1.32865e-08
104.241	1.2998e-08
105.222	1.29227e-08
106.212	1.29505e-08
107.212	1.28675e-08
108.222	1.27534e-08
109.24	1.26387e-08
110.269	1.25242e-08
111.307	1.23521e-08
112.354	1.21591e-08
113.412	1.19643e-08
114.479	1.17679e-08
115.557	1.15758e-08
116.645	1.13996e-08
117.743	1.11371e-08
118.851	1.0652e-08
119.97	1.03189e-08
121.099	1.00368e-08
122.239	9.74568e-09
123.39	9.44557e-09
124.551	9.18323e-09
125.724	9.05011e-09
126.907	8.96056e-09
128.102	8.87885e-09
129.308	8.78284e-09
130.525	8.67057e-09
131.754	8.54692e-09
132.994	8.35868e-09
134.246	8.0066e-09
135.509	7.38895e-09
136.785	6.90075e-09
138.073	6.50334e-09
139.372	6.25308e-09
140.684	6.05724e-09
142.008	5.88924e-09
143.345	5.73109e-09
144.695	5.54832e-09
146.057	5.33696e-09
147.432	5.15163e-09
148.819	4.98898e-09
150.22	4.84724e-09
151.634	4.71199e-09
153.062	4.58144e-09
154.502	4.45295e-09
155.957	4.32836e-09
157.425	4.21154e-09
158.907	4.10159e-09
160.403	4.00478e-09
161.912	3.91622e-09
163.437	3.85505e-09
164.975	3.72391e-09
166.528	3.40701e-09
168.096	3.35685e-09
169.678	3.40659e-09
171.275	3.45057e-09
172.887	3.49243e-09
174.515	3.47831e-09
176.157	3.36487e-09
177.816	3.2308e-09
179.49	3.09837e-09
181.179	2.96583e-09
182.885	2.83363e-09
184.606	2.71261e-09
186.344	2.63796e-09
188.098	2.46872e-09
189.869	2.09884e-09
191.656	1.82014e-09
193.46	1.61112e-09
195.281	1.49952e-09
197.119	1.41882e-09
198.975	1.34682e-09
200.848	1.27565e-09
202.738	1.22571e-09
204.647	1.18494e-09
206.573	1.14637e-09
208.518	1.10799e-09
210.481	1.06801e-09
212.462	1.02726e-09
214.462	9.86134e-10
216.481	9.44691e-10
218.518	9.04101e-10
220.575	8.71148e-10
222.652	8.42406e-10
224.748	8.16055e-10
226.863	7.92567e-10
228.999	7.71315e-10
231.154	7.51594e-10
233.33	7.35476e-10
235.527	7.2434e-10
237.744	7.27443e-10
239.982	7.21747e-10
242.241	6.94689e-10
244.521	6.42277e-10
246.823	5.48598e-10
249.146	4.90514e-10
251.491	4.57156e-10
253.859	4.37484e-10
256.248	4.26513e-10
258.66	4.04684e-10
261.095	3.62941e-10
263.553	3.47138e-10
266.034	3.5354e-10
268.538	3.51065e-10
271.066	3.43923e-10
273.617	3.33166e-10
276.193	3.20793e-10
278.793	3.09073e-10
281.417	2.98041e-10
284.066	2.87808e-10
286.74	2.81008e-10
289.439	2.68298e-10
292.164	2.38944e-10
294.914	2.20706e-10
297.69	2.09754e-10
300.492	2.00302e-10
303.321	1.9234e-10
306.176	1.90359e-10
309.058	2.04411e-10
311.968	2.09833e-10
314.904	2.0629e-10
317.869	1.96239e-10
320.861	1.76605e-10
323.881	1.7164e-10
326.93	1.74955e-10
330.007	1.7749e-10
333.114	1.80023e-10
336.249	1.75495e-10
339.415	1.68012e-10
342.61	1.60316e-10
345.835	1.52567e-10
349.09	1.44909e-10
352.376	1.3806e-10
355.693	1.29634e-10
359.041	1.15119e-10
362.421	1.05773e-10
365.833	1.00021e-10
