Particle d momenum [MeV/c] 898.51 mass [MeV/c^2] 1876.140.005	0
0.015	0
0.025	0
0.035	0
0.045	0
0.055	0
0.065	0
0.075	0
0.085	0
0.095	0
0.105	0
0.115	0
0.125	0
0.135	0
0.145	0
0.155	0
0.165	0
0.175	0
0.185	0
0.195	0
0.205	0
0.215	0
0.225	0
0.235	0
0.245	0
0.255	0
0.265	0
0.275	0
0.285	0
0.295	0
0.305	0
0.315	0
0.325	0
0.335	0
0.345	0
0.355	0
0.365	0
0.375	0
0.385	0
0.395	0
0.405	0
0.415	0
0.425	0
0.435	0
0.445	0
0.455	0
0.465	0
0.475	0
0.485	0
0.495	0
0.505	0
0.515	0
0.525	0
0.535	0
0.545	0
0.555	0
0.565	0
0.575	0
0.585	0
0.595	0
0.605	0
0.615	0
0.625	0
0.635	0
0.645	0
0.655	0
0.665	0
0.675	0
0.685	0
0.695	0
0.705	0
0.715	0
0.725	0
0.735	0
0.745	0
0.755	0
0.765	0
0.775	0
0.785	0
0.795	0
0.805	0
0.815	0
0.825	0
0.835	0
0.845	0
0.855	0
0.865	0
0.875	0
0.885	0
0.895	0
0.905	0
0.915	0
0.925	0
0.935	0
0.945	0
0.955	0
0.965	0
0.975	0
0.985	0
0.995	0
1.005	0
1.015	0
1.025	0
1.035	0
1.045	0
1.055	0
1.065	0
1.075	0
1.085	0
1.095	0
1.105	0
1.115	0
1.125	0
1.135	0
1.145	0
1.155	0
1.165	0
1.175	0
1.185	0
1.195	0
1.205	0
1.215	0
1.225	0
1.235	0
1.245	0
1.255	0
1.265	0
1.275	0
1.285	0
1.295	0
1.305	0
1.315	0
1.325	0
1.335	0
1.345	0
1.355	0
1.365	0
1.375	0
1.385	0
1.395	0
1.405	0
1.415	0
1.425	0
1.435	0
1.445	0
1.455	0
1.465	0
1.475	0
1.485	0
1.495	0
1.505	0
1.515	0
1.525	0
1.535	0
1.545	0
1.555	0
1.565	0
1.575	0
1.585	0
1.595	0
1.605	1
1.615	0
1.625	0
1.635	0
1.645	0
1.655	0
1.665	1
1.675	0
1.685	0
1.695	0
1.705	0
1.715	0
1.725	1
1.735	1
1.745	1
1.755	1
1.765	0
1.775	0
1.785	0
1.795	2
1.805	0
1.815	1
1.825	2
1.835	4
1.845	1
1.855	1
1.865	2
1.875	3
1.885	2
1.895	4
1.905	8
1.915	6
1.925	5
1.935	5
1.945	8
1.955	5
1.965	8
1.975	10
1.985	11
1.995	7
2.005	14
2.015	12
2.025	11
2.035	23
2.045	15
2.055	12
2.065	14
2.075	20
2.085	22
2.095	22
2.105	37
2.115	32
2.125	29
2.135	34
2.145	42
2.155	44
2.165	51
2.175	51
2.185	63
2.195	55
2.205	63
2.215	69
2.225	77
2.235	80
2.245	86
2.255	97
2.265	108
2.275	98
2.285	104
2.295	108
2.305	112
2.315	132
2.325	137
2.335	154
2.345	121
2.355	167
2.365	194
2.375	195
2.385	193
2.395	213
2.405	230
2.415	230
2.425	257
2.435	265
2.445	295
2.455	299
2.465	294
2.475	303
2.485	374
2.495	402
2.505	392
2.515	430
2.525	436
2.535	449
2.545	462
2.555	471
2.565	506
2.575	542
2.585	587
2.595	602
2.605	612
2.615	650
2.625	701
2.635	706
2.645	736
2.655	779
2.665	796
2.675	856
2.685	939
2.695	901
2.705	978
2.715	954
2.725	992
2.735	1117
2.745	1161
2.755	1139
2.765	1291
2.775	1248
2.785	1292
2.795	1383
2.805	1431
2.815	1410
2.825	1522
2.835	1550
2.845	1543
2.855	1641
2.865	1658
2.875	1725
2.885	1825
2.895	1934
2.905	1977
2.915	2049
2.925	2150
2.935	2149
2.945	2242
2.955	2331
2.965	2268
2.975	2517
2.985	2484
2.995	2603
3.005	2726
3.015	2722
3.025	2833
3.035	2833
3.045	2956
3.055	2993
3.065	3194
3.075	3232
3.085	3198
3.095	3390
3.105	3406
3.115	3663
3.125	3583
3.135	3738
3.145	3682
3.155	3957
3.165	4007
3.175	4157
3.185	4308
3.195	4475
3.205	4375
3.215	4501
3.225	4488
3.235	4693
3.245	4837
3.255	4979
3.265	5127
3.275	5057
3.285	5225
3.295	5280
3.305	5357
3.315	5595
3.325	5703
3.335	5732
3.345	5888
3.355	6029
3.365	6163
3.375	6356
3.385	6356
3.395	6479
3.405	6573
3.415	6688
3.425	6968
3.435	6951
3.445	7101
3.455	7330
3.465	7446
3.475	7417
3.485	7607
3.495	7621
3.505	7646
3.515	7916
3.525	8076
3.535	8148
3.545	8351
3.555	8481
3.565	8663
3.575	8785
3.585	8995
3.595	9087
3.605	9059
3.615	9271
3.625	9528
3.635	9551
3.645	9599
3.655	9883
3.665	9820
3.675	10259
3.685	10153
3.695	10383
3.705	10372
3.715	10494
3.725	10609
3.735	10778
3.745	10864
3.755	11243
3.765	11103
3.775	11291
3.785	11276
3.795	11665
3.805	11661
3.815	11952
3.825	11791
3.835	12054
3.845	12241
3.855	12263
3.865	12369
3.875	12632
3.885	12732
3.895	12811
3.905	12979
3.915	13185
3.925	13060
3.935	13234
3.945	13260
3.955	13617
3.965	13851
3.975	13625
3.985	13849
3.995	14112
4.005	14106
4.015	14156
4.025	14432
4.035	14220
4.045	14568
4.055	14530
4.065	14644
4.075	14787
4.085	14987
4.095	15211
4.105	15119
4.115	15134
4.125	15508
4.135	15502
4.145	15553
4.155	15745
4.165	15592
4.175	15917
4.185	16189
4.195	15850
4.205	15959
4.215	16319
4.225	16266
4.235	16414
4.245	16716
4.255	16509
4.265	16689
4.275	16928
4.285	16983
4.295	17028
4.305	17025
4.315	16847
4.325	16990
4.335	17166
4.345	17378
4.355	17406
4.365	17540
4.375	17648
4.385	17441
4.395	17643
4.405	17779
4.415	17731
4.425	17753
4.435	18069
4.445	18030
4.455	17669
4.465	17972
4.475	18003
4.485	18367
4.495	17968
4.505	18325
4.515	18368
4.525	18379
4.535	18305
4.545	18593
4.555	18499
4.565	18658
4.575	18822
4.585	18590
4.595	18908
4.605	18885
4.615	19193
4.625	18757
4.635	18699
4.645	18928
4.655	18967
4.665	19151
4.675	19037
4.685	19006
4.695	18877
4.705	19311
4.715	18780
4.725	18962
4.735	19108
4.745	19380
4.755	19452
4.765	19459
4.775	19090
4.785	19230
4.795	19374
4.805	19146
4.815	19101
4.825	19254
4.835	19327
4.845	19233
4.855	19260
4.865	19394
4.875	19215
4.885	19220
4.895	19169
4.905	19344
4.915	19204
4.925	19207
4.935	19182
4.945	19335
4.955	19182
4.965	19263
4.975	19323
4.985	19069
4.995	18964
5.005	19160
5.015	19256
5.025	19322
5.035	19312
5.045	18778
5.055	19337
5.065	18986
5.075	18982
5.085	19060
5.095	19134
5.105	18927
5.115	19115
5.125	18715
5.135	18775
5.145	18977
5.155	18802
5.165	18725
5.175	18866
5.185	18731
5.195	18793
5.205	18808
5.215	18755
5.225	18405
5.235	18387
5.245	18646
5.255	18703
5.265	18889
5.275	18477
5.285	18374
5.295	18171
5.305	18487
5.315	18314
5.325	18168
5.335	18331
5.345	18113
5.355	18355
5.365	18083
5.375	18279
5.385	17951
5.395	18018
5.405	17891
5.415	17790
5.425	17624
5.435	17722
5.445	17703
5.455	17921
5.465	17633
5.475	17368
5.485	17675
5.495	17717
5.505	17677
5.515	17339
5.525	17302
5.535	17361
5.545	17149
5.555	17248
5.565	17277
5.575	17005
5.585	17162
5.595	16921
5.605	16906
5.615	17009
5.625	16769
5.635	16847
5.645	16648
5.655	16522
5.665	16643
5.675	16586
5.685	16529
5.695	16326
5.705	16324
5.715	16686
5.725	16183
5.735	16344
5.745	16194
5.755	15743
5.765	16075
5.775	16042
5.785	15982
5.795	15870
5.805	15895
5.815	15877
5.825	15565
5.835	15420
5.845	15594
5.855	15387
5.865	15386
5.875	15390
5.885	15414
5.895	15197
5.905	15129
5.915	15026
5.925	15216
5.935	15091
5.945	14915
5.955	14806
5.965	14893
5.975	14812
5.985	14754
5.995	14689
6.005	14715
6.015	14655
6.025	14738
6.035	14498
6.045	14520
6.055	14324
6.065	14351
6.075	14089
6.085	14019
6.095	14070
6.105	13935
6.115	14108
6.125	13903
6.135	13622
6.145	13748
6.155	13667
6.165	13474
6.175	13636
6.185	13527
6.195	13546
6.205	13448
6.215	13289
6.225	13272
6.235	13016
6.245	13022
6.255	13183
6.265	13237
6.275	13103
6.285	12992
6.295	12821
6.305	12905
6.315	12752
6.325	12706
6.335	12647
6.345	12478
6.355	12652
6.365	12310
6.375	12355
6.385	12373
6.395	12173
6.405	12138
6.415	12093
6.425	12085
6.435	12243
6.445	12053
6.455	11903
6.465	11925
6.475	11937
6.485	11911
6.495	11706
6.505	11815
6.515	11626
6.525	11708
6.535	11317
6.545	11551
6.555	11561
6.565	11340
6.575	11373
6.585	11156
6.595	11229
6.605	11269
6.615	11126
6.625	11106
6.635	10918
6.645	10860
6.655	10763
6.665	10890
6.675	10747
6.685	10804
6.695	10696
6.705	10773
6.715	10525
6.725	10522
6.735	10508
6.745	10352
6.755	10359
6.765	10238
6.775	10325
6.785	10232
6.795	10223
6.805	10124
6.815	9946
6.825	10159
6.835	9874
6.845	9956
6.855	9864
6.865	10028
6.875	9782
6.885	9674
6.895	9702
6.905	9724
6.915	9800
6.925	9378
6.935	9657
6.945	9547
6.955	9375
6.965	9565
6.975	9294
6.985	9372
6.995	9165
7.005	9042
7.015	9253
7.025	9283
7.035	9107
7.045	9027
7.055	9183
7.065	8889
7.075	8806
7.085	8855
7.095	8844
7.105	8625
7.115	8667
7.125	8735
7.135	8643
7.145	8635
7.155	8637
7.165	8642
7.175	8629
7.185	8524
7.195	8369
7.205	8312
7.215	8250
7.225	8291
7.235	8341
7.245	8307
7.255	8233
7.265	8147
7.275	8168
7.285	8279
7.295	8033
7.305	7943
7.315	8020
7.325	7956
7.335	8002
7.345	7853
7.355	7977
7.365	7786
7.375	7747
7.385	7695
7.395	7566
7.405	7627
7.415	7609
7.425	7636
7.435	7604
7.445	7418
7.455	7411
7.465	7502
7.475	7397
7.485	7452
7.495	7096
7.505	7145
7.515	7330
7.525	7220
7.535	7282
7.545	7265
7.555	7196
7.565	7181
7.575	6942
7.585	6990
7.595	7211
7.605	7207
7.615	6847
7.625	6967
7.635	7020
7.645	6958
7.655	6768
7.665	6878
7.675	6797
7.685	6692
7.695	6664
7.705	6756
7.715	6704
7.725	6725
7.735	6570
7.745	6528
7.755	6617
7.765	6554
7.775	6468
7.785	6398
7.795	6497
7.805	6372
7.815	6410
7.825	6428
7.835	6341
7.845	6248
7.855	6339
7.865	6301
7.875	6319
7.885	6189
7.895	6255
7.905	6067
7.915	6106
7.925	6076
7.935	5934
7.945	6074
7.955	5993
7.965	6037
7.975	5863
7.985	5850
7.995	5858
8.005	5854
8.015	5672
8.025	5949
8.035	5788
8.045	5698
8.055	5733
8.065	5622
8.075	5715
8.085	5596
8.095	5582
8.105	5720
8.115	5596
8.125	5544
8.135	5506
8.145	5647
8.155	5403
8.165	5419
8.175	5466
8.185	5564
8.195	5458
8.205	5411
8.215	5270
8.225	5327
8.235	5272
8.245	5254
8.255	5201
8.265	5123
8.275	5251
8.285	5136
8.295	5094
8.305	5188
8.315	5027
8.325	5109
8.335	4991
8.345	5085
8.355	4973
8.365	5058
8.375	5017
8.385	5040
8.395	4979
8.405	4920
8.415	4971
8.425	4956
8.435	4979
8.445	4887
8.455	4894
8.465	4751
8.475	4754
8.485	4811
8.495	4621
8.505	4730
8.515	4658
8.525	4553
8.535	4736
8.545	4565
8.555	4670
8.565	4729
8.575	4633
8.585	4567
8.595	4536
8.605	4634
8.615	4533
8.625	4579
8.635	4512
8.645	4483
8.655	4457
8.665	4451
8.675	4547
8.685	4419
8.695	4298
8.705	4334
8.715	4409
8.725	4301
8.735	4277
8.745	4295
8.755	4275
8.765	4198
8.775	4236
8.785	4266
8.795	4248
8.805	4237
8.815	4238
8.825	4163
8.835	4117
8.845	4154
8.855	4138
8.865	3958
8.875	4089
8.885	4102
8.895	3964
8.905	4140
8.915	3951
8.925	4067
8.935	3948
8.945	3933
8.955	3982
8.965	3897
8.975	3795
8.985	3921
8.995	3955
9.005	3821
9.015	3855
9.025	3756
9.035	3899
9.045	3890
9.055	3867
9.065	3700
9.075	3789
9.085	3795
9.095	3797
9.105	3766
9.115	3713
9.125	3726
9.135	3603
9.145	3708
9.155	3570
9.165	3627
9.175	3600
9.185	3572
9.195	3582
9.205	3501
9.215	3607
9.225	3493
9.235	3600
9.245	3514
9.255	3420
9.265	3470
9.275	3398
9.285	3542
9.295	3446
9.305	3340
9.315	3466
9.325	3406
9.335	3512
9.345	3445
9.355	3301
9.365	3328
9.375	3432
9.385	3313
9.395	3422
9.405	3318
9.415	3437
9.425	3324
9.435	3144
9.445	3319
9.455	3271
9.465	3190
9.475	3211
9.485	3205
9.495	3222
9.505	3136
9.515	3035
9.525	3148
9.535	3081
9.545	3103
9.555	3061
9.565	3171
9.575	3203
9.585	3097
9.595	3146
9.605	3004
9.615	3151
9.625	3124
9.635	3041
9.645	3005
9.655	2883
9.665	2964
9.675	2998
9.685	3052
9.695	2952
9.705	2963
9.715	2942
9.725	2952
9.735	2820
9.745	2882
9.755	2917
9.765	2952
9.775	2948
9.785	3028
9.795	2870
9.805	2844
9.815	2746
9.825	2724
9.835	2797
9.845	2813
9.855	2824
9.865	2756
9.875	2758
9.885	2730
9.895	2628
9.905	2756
9.915	2707
9.925	2676
9.935	2764
9.945	2741
9.955	2727
9.965	2751
9.975	2778
9.985	2676
9.995	2583
10.005	2555
10.015	2644
10.025	2654
10.035	2617
10.045	2616
10.055	2612
10.065	2546
10.075	2605
10.085	2495
10.095	2518
10.105	2579
10.115	2595
10.125	2558
10.135	2485
10.145	2505
10.155	2513
10.165	2514
10.175	2473
10.185	2510
10.195	2482
10.205	2466
10.215	2429
10.225	2444
10.235	2391
10.245	2402
10.255	2508
10.265	2399
10.275	2432
10.285	2371
10.295	2390
10.305	2419
10.315	2350
10.325	2364
10.335	2313
10.345	2373
10.355	2329
10.365	2339
10.375	2400
10.385	2385
10.395	2339
10.405	2282
10.415	2245
10.425	2254
10.435	2277
10.445	2316
10.455	2336
10.465	2301
10.475	2163
10.485	2216
10.495	2251
10.505	2296
10.515	2286
10.525	2233
10.535	2229
10.545	2220
10.555	2202
10.565	2237
10.575	2098
10.585	2180
10.595	2258
10.605	2200
10.615	2182
10.625	2197
10.635	2197
10.645	2104
10.655	2175
10.665	2111
10.675	2073
10.685	2149
10.695	2118
10.705	1992
10.715	2030
10.725	2082
10.735	2012
10.745	1923
10.755	1980
10.765	2075
10.775	2097
10.785	2048
10.795	2071
10.805	2051
10.815	2012
10.825	1926
10.835	1993
10.845	1962
10.855	1891
10.865	1956
10.875	1882
10.885	2014
10.895	1978
10.905	1915
10.915	1921
10.925	1938
10.935	2002
10.945	1926
10.955	1953
10.965	1921
10.975	1891
10.985	1914
10.995	1949
11.005	1942
11.015	1944
11.025	1946
11.035	1859
11.045	1897
11.055	1832
11.065	1868
11.075	1905
11.085	1803
11.095	1796
11.105	1821
11.115	1851
11.125	1851
11.135	1783
11.145	1747
11.155	1823
11.165	1806
11.175	1811
11.185	1819
11.195	1735
11.205	1742
11.215	1724
11.225	1767
11.235	1749
11.245	1769
11.255	1733
11.265	1848
11.275	1701
11.285	1757
11.295	1722
11.305	1727
11.315	1735
11.325	1741
11.335	1649
11.345	1745
11.355	1704
11.365	1669
11.375	1696
11.385	1658
11.395	1713
11.405	1678
11.415	1661
11.425	1639
11.435	1719
11.445	1637
11.455	1623
11.465	1600
11.475	1656
11.485	1590
11.495	1667
11.505	1618
11.515	1596
11.525	1605
11.535	1604
11.545	1583
11.555	1607
11.565	1599
11.575	1579
11.585	1614
11.595	1585
11.605	1536
11.615	1591
11.625	1577
11.635	1579
11.645	1550
11.655	1511
11.665	1626
11.675	1550
11.685	1530
11.695	1518
11.705	1568
11.715	1522
11.725	1567
11.735	1507
11.745	1493
11.755	1465
11.765	1548
11.775	1489
11.785	1432
11.795	1535
11.805	1502
11.815	1528
11.825	1527
11.835	1510
11.845	1451
11.855	1496
11.865	1491
11.875	1426
11.885	1395
11.895	1424
11.905	1376
11.915	1392
11.925	1452
11.935	1432
11.945	1426
11.955	1422
11.965	1385
11.975	1388
11.985	1377
11.995	1455
12.005	1346
12.015	1400
12.025	1376
12.035	1361
12.045	1406
12.055	1345
12.065	1336
12.075	1410
12.085	1349
12.095	1347
12.105	1328
12.115	1374
12.125	1326
12.135	1364
12.145	1303
12.155	1308
12.165	1337
12.175	1320
12.185	1290
12.195	1399
12.205	1403
12.215	1295
12.225	1338
12.235	1367
12.245	1292
12.255	1283
12.265	1279
12.275	1334
12.285	1232
12.295	1284
12.305	1275
12.315	1276
12.325	1317
12.335	1226
12.345	1244
12.355	1190
12.365	1244
12.375	1310
12.385	1249
12.395	1272
12.405	1217
12.415	1286
12.425	1263
12.435	1192
12.445	1226
12.455	1254
12.465	1233
12.475	1209
12.485	1197
12.495	1279
12.505	1188
12.515	1171
12.525	1190
12.535	1243
12.545	1189
12.555	1180
12.565	1173
12.575	1185
12.585	1220
12.595	1145
12.605	1146
12.615	1142
12.625	1163
12.635	1212
12.645	1142
12.655	1207
12.665	1232
12.675	1151
12.685	1147
12.695	1122
12.705	1087
12.715	1103
12.725	1188
12.735	1141
12.745	1116
12.755	1170
12.765	1117
12.775	1159
12.785	1146
12.795	1147
12.805	1111
12.815	1084
12.825	1137
12.835	1041
12.845	1107
12.855	1116
12.865	1078
12.875	1104
12.885	1172
12.895	1098
12.905	1100
12.915	1118
12.925	1047
12.935	1092
12.945	1064
12.955	1050
12.965	1110
12.975	1058
12.985	1061
12.995	1073
13.005	1061
13.015	1041
13.025	1085
13.035	994
13.045	1047
13.055	1014
13.065	1065
13.075	982
13.085	1094
13.095	1044
13.105	1087
13.115	1066
13.125	1041
13.135	1046
13.145	1061
13.155	1022
13.165	1049
13.175	997
13.185	1031
13.195	986
13.205	998
13.215	994
13.225	1037
13.235	969
13.245	1002
13.255	945
13.265	1023
13.275	972
13.285	953
13.295	1032
13.305	1009
13.315	962
13.325	986
13.335	1002
13.345	979
13.355	1029
13.365	984
13.375	953
13.385	949
13.395	973
13.405	942
13.415	960
13.425	952
13.435	978
13.445	1007
13.455	898
13.465	916
13.475	912
13.485	900
13.495	929
13.505	901
13.515	923
13.525	972
13.535	926
13.545	937
13.555	947
13.565	943
13.575	912
13.585	871
13.595	944
13.605	907
13.615	935
13.625	939
13.635	922
13.645	844
13.655	887
13.665	881
13.675	846
13.685	896
13.695	880
13.705	893
13.715	876
13.725	878
13.735	827
13.745	922
13.755	858
13.765	903
13.775	871
13.785	880
13.795	831
13.805	900
13.815	854
13.825	849
13.835	838
13.845	839
13.855	827
13.865	830
13.875	805
13.885	801
13.895	885
13.905	863
13.915	888
13.925	865
13.935	849
13.945	835
13.955	796
13.965	863
13.975	807
13.985	844
13.995	814
14.005	807
14.015	869
14.025	890
14.035	823
14.045	780
14.055	840
14.065	804
14.075	818
14.085	815
14.095	872
14.105	809
14.115	829
14.125	805
14.135	786
14.145	803
14.155	806
14.165	768
14.175	838
14.185	761
14.195	802
14.205	801
14.215	794
14.225	800
14.235	772
14.245	811
14.255	811
14.265	854
14.275	771
14.285	710
14.295	799
14.305	770
14.315	792
14.325	739
14.335	784
14.345	791
14.355	825
14.365	793
14.375	794
14.385	728
14.395	760
14.405	754
14.415	785
14.425	774
14.435	750
14.445	781
14.455	749
14.465	774
14.475	755
14.485	746
14.495	790
14.505	710
14.515	713
14.525	736
14.535	733
14.545	786
14.555	718
14.565	697
14.575	750
14.585	754
14.595	726
14.605	722
14.615	742
14.625	727
14.635	761
14.645	739
14.655	691
14.665	720
14.675	697
14.685	678
14.695	717
14.705	694
14.715	730
14.725	696
14.735	727
14.745	701
14.755	699
14.765	717
14.775	668
14.785	674
14.795	722
14.805	676
14.815	666
14.825	635
14.835	665
14.845	676
14.855	703
14.865	766
14.875	642
14.885	691
14.895	692
14.905	645
14.915	739
14.925	683
14.935	694
14.945	727
14.955	647
14.965	706
14.975	685
14.985	697
14.995	646
15.005	676
15.015	662
15.025	714
15.035	713
15.045	676
15.055	737
15.065	679
15.075	677
15.085	715
15.095	642
15.105	668
15.115	626
15.125	665
15.135	659
15.145	666
15.155	644
15.165	667
15.175	661
15.185	663
15.195	682
15.205	654
15.215	633
15.225	677
15.235	625
15.245	676
15.255	677
15.265	634
15.275	675
15.285	622
15.295	596
15.305	632
15.315	593
15.325	645
15.335	656
15.345	629
15.355	609
15.365	619
15.375	609
15.385	632
15.395	644
15.405	620
15.415	630
15.425	612
15.435	625
15.445	673
15.455	611
15.465	624
15.475	630
15.485	600
15.495	528
15.505	583
15.515	643
15.525	557
15.535	610
15.545	628
15.555	579
15.565	593
15.575	591
15.585	607
15.595	611
15.605	602
15.615	616
15.625	561
15.635	556
15.645	607
15.655	573
15.665	586
15.675	596
15.685	559
15.695	607
15.705	571
15.715	600
15.725	629
15.735	541
15.745	583
15.755	559
15.765	618
15.775	602
15.785	576
15.795	570
15.805	564
15.815	581
15.825	563
15.835	603
15.845	587
15.855	584
15.865	586
15.875	553
15.885	558
15.895	572
15.905	551
15.915	534
15.925	550
15.935	542
15.945	526
15.955	545
15.965	548
15.975	561
15.985	529
15.995	554
16.005	525
16.015	552
16.025	524
16.035	590
16.045	537
16.055	569
16.065	504
16.075	544
16.085	534
16.095	561
16.105	555
16.115	537
16.125	510
16.135	565
16.145	539
16.155	510
16.165	530
16.175	529
16.185	517
16.195	511
16.205	530
16.215	540
16.225	503
16.235	550
16.245	498
16.255	517
16.265	504
16.275	469
16.285	474
16.295	512
16.305	463
16.315	528
16.325	508
16.335	525
16.345	509
16.355	500
16.365	492
16.375	490
16.385	527
16.395	515
16.405	515
16.415	502
16.425	506
16.435	518
16.445	509
16.455	513
16.465	506
16.475	503
16.485	479
16.495	524
16.505	483
16.515	493
16.525	504
16.535	481
16.545	512
16.555	477
16.565	505
16.575	507
16.585	472
16.595	482
16.605	494
16.615	464
16.625	465
16.635	466
16.645	450
16.655	490
16.665	498
16.675	455
16.685	487
16.695	439
16.705	451
16.715	462
16.725	482
16.735	498
16.745	469
16.755	457
16.765	497
16.775	459
16.785	464
16.795	499
16.805	452
16.815	447
16.825	452
16.835	427
16.845	430
16.855	440
16.865	427
16.875	447
16.885	370
16.895	448
16.905	466
16.915	441
16.925	412
16.935	406
16.945	471
16.955	448
16.965	475
16.975	466
16.985	451
16.995	474
17.005	448
17.015	427
17.025	416
17.035	415
17.045	414
17.055	415
17.065	423
17.075	387
17.085	412
17.095	433
17.105	441
17.115	457
17.125	469
17.135	443
17.145	448
17.155	414
17.165	412
17.175	412
17.185	412
17.195	386
17.205	433
17.215	402
17.225	468
17.235	401
17.245	431
17.255	380
17.265	409
17.275	397
17.285	402
17.295	454
17.305	398
17.315	425
17.325	395
17.335	390
17.345	381
17.355	384
17.365	389
17.375	407
17.385	396
17.395	374
17.405	430
17.415	412
17.425	437
17.435	426
17.445	408
17.455	404
17.465	374
17.475	380
17.485	412
17.495	388
17.505	430
17.515	369
17.525	388
17.535	378
17.545	420
17.555	390
17.565	358
17.575	377
17.585	388
17.595	423
17.605	399
17.615	375
17.625	396
17.635	399
17.645	391
17.655	382
17.665	383
17.675	343
17.685	374
17.695	368
17.705	366
17.715	355
17.725	340
17.735	398
17.745	355
17.755	363
17.765	366
17.775	401
17.785	374
17.795	353
17.805	364
17.815	363
17.825	355
17.835	368
17.845	339
17.855	373
17.865	327
17.875	360
17.885	339
17.895	353
17.905	359
17.915	336
17.925	352
17.935	353
17.945	344
17.955	367
17.965	341
17.975	335
17.985	353
17.995	335
18.005	357
18.015	345
18.025	365
18.035	344
18.045	348
18.055	342
18.065	346
18.075	356
18.085	367
18.095	301
18.105	354
18.115	352
18.125	351
18.135	324
18.145	339
18.155	312
18.165	355
18.175	340
18.185	339
18.195	354
18.205	350
18.215	329
18.225	319
18.235	346
18.245	314
18.255	334
18.265	309
18.275	335
18.285	329
18.295	334
18.305	328
18.315	329
18.325	349
18.335	328
18.345	347
18.355	313
18.365	313
18.375	341
18.385	305
18.395	306
18.405	319
18.415	338
18.425	352
18.435	329
18.445	334
18.455	286
18.465	299
18.475	288
18.485	315
18.495	331
18.505	341
18.515	339
18.525	318
18.535	278
18.545	318
18.555	305
18.565	313
18.575	339
18.585	336
18.595	303
18.605	304
18.615	315
18.625	338
18.635	290
18.645	305
18.655	301
18.665	323
18.675	342
18.685	325
18.695	296
18.705	309
18.715	296
18.725	330
18.735	339
18.745	336
18.755	281
18.765	304
18.775	314
18.785	329
18.795	282
18.805	320
18.815	289
18.825	322
18.835	353
18.845	297
18.855	298
18.865	311
18.875	282
18.885	308
18.895	285
18.905	282
18.915	286
18.925	267
18.935	270
18.945	292
18.955	279
18.965	297
18.975	299
18.985	325
18.995	304
19.005	292
19.015	246
19.025	286
19.035	275
19.045	282
19.055	291
19.065	305
19.075	288
19.085	283
19.095	254
19.105	297
19.115	270
19.125	271
19.135	284
19.145	269
19.155	283
19.165	302
19.175	276
19.185	255
19.195	305
19.205	313
19.215	281
19.225	286
19.235	252
19.245	278
19.255	313
19.265	295
19.275	271
19.285	265
19.295	311
19.305	288
19.315	270
19.325	296
19.335	274
19.345	250
19.355	251
19.365	295
19.375	290
19.385	274
19.395	270
19.405	283
19.415	294
19.425	299
19.435	276
19.445	271
19.455	291
19.465	274
19.475	275
19.485	264
19.495	307
19.505	254
19.515	276
19.525	279
19.535	275
19.545	284
19.555	272
19.565	278
19.575	274
19.585	255
19.595	291
19.605	275
19.615	269
19.625	267
19.635	287
19.645	246
19.655	277
19.665	269
19.675	241
19.685	243
19.695	272
19.705	287
19.715	252
19.725	261
19.735	254
19.745	244
19.755	269
19.765	273
19.775	278
19.785	244
19.795	252
19.805	249
19.815	267
19.825	239
19.835	284
19.845	260
19.855	275
19.865	275
19.875	274
19.885	253
19.895	272
19.905	287
19.915	247
19.925	274
19.935	250
19.945	262
19.955	259
19.965	266
19.975	261
19.985	221
19.995	241
