Particle he3 momenum [MeV/c] 1795.7 mass [MeV/c^2] 2809.430.005	0
0.015	0
0.025	0
0.035	0
0.045	0
0.055	0
0.065	0
0.075	0
0.085	0
0.095	0
0.105	0
0.115	0
0.125	0
0.135	0
0.145	0
0.155	0
0.165	0
0.175	0
0.185	0
0.195	0
0.205	0
0.215	0
0.225	0
0.235	0
0.245	0
0.255	0
0.265	0
0.275	0
0.285	0
0.295	0
0.305	0
0.315	0
0.325	0
0.335	0
0.345	0
0.355	0
0.365	0
0.375	0
0.385	0
0.395	0
0.405	0
0.415	0
0.425	0
0.435	0
0.445	0
0.455	0
0.465	0
0.475	0
0.485	0
0.495	0
0.505	0
0.515	0
0.525	0
0.535	0
0.545	0
0.555	0
0.565	0
0.575	0
0.585	0
0.595	0
0.605	0
0.615	0
0.625	0
0.635	0
0.645	0
0.655	0
0.665	0
0.675	0
0.685	0
0.695	0
0.705	0
0.715	0
0.725	0
0.735	0
0.745	0
0.755	0
0.765	0
0.775	0
0.785	0
0.795	0
0.805	0
0.815	0
0.825	0
0.835	0
0.845	0
0.855	0
0.865	0
0.875	0
0.885	0
0.895	0
0.905	0
0.915	0
0.925	0
0.935	0
0.945	0
0.955	0
0.965	0
0.975	0
0.985	1
0.995	1
1.005	4
1.015	4
1.025	1
1.035	1
1.045	0
1.055	4
1.065	2
1.075	5
1.085	5
1.095	3
1.105	10
1.115	5
1.125	6
1.135	6
1.145	13
1.155	11
1.165	20
1.175	17
1.185	26
1.195	37
1.205	36
1.215	33
1.225	52
1.235	42
1.245	52
1.255	55
1.265	57
1.275	78
1.285	85
1.295	82
1.305	120
1.315	117
1.325	121
1.335	131
1.345	175
1.355	228
1.365	198
1.375	231
1.385	226
1.395	253
1.405	292
1.415	321
1.425	340
1.435	391
1.445	410
1.455	455
1.465	482
1.475	504
1.485	595
1.495	568
1.505	667
1.515	701
1.525	746
1.535	825
1.545	819
1.555	933
1.565	960
1.575	1057
1.585	1088
1.595	1120
1.605	1259
1.615	1317
1.625	1358
1.635	1627
1.645	1633
1.655	1689
1.665	1840
1.675	1919
1.685	1999
1.695	2066
1.705	2252
1.715	2345
1.725	2427
1.735	2530
1.745	2736
1.755	2797
1.765	2872
1.775	3055
1.785	3169
1.795	3370
1.805	3468
1.815	3623
1.825	3755
1.835	3897
1.845	4110
1.855	4396
1.865	4416
1.875	4619
1.885	4716
1.895	4960
1.905	5102
1.915	5255
1.925	5379
1.935	5632
1.945	5999
1.955	5905
1.965	6128
1.975	6445
1.985	6652
1.995	6828
2.005	7004
2.015	7214
2.025	7434
2.035	7590
2.045	7839
2.055	8117
2.065	8266
2.075	8498
2.085	8749
2.095	9085
2.105	9270
2.115	9416
2.125	9793
2.135	9872
2.145	10145
2.155	10565
2.165	10572
2.175	10794
2.185	11201
2.195	11310
2.205	11642
2.215	11738
2.225	12013
2.235	12113
2.245	12528
2.255	12698
2.265	13071
2.275	13103
2.285	13509
2.295	13831
2.305	13931
2.315	14009
2.325	14445
2.335	14881
2.345	14780
2.355	15210
2.365	15504
2.375	15545
2.385	15651
2.395	16100
2.405	16304
2.415	16743
2.425	16877
2.435	17143
2.445	17344
2.455	17532
2.465	17741
2.475	17797
2.485	17917
2.495	18498
2.505	18620
2.515	18746
2.525	18946
2.535	19316
2.545	19694
2.555	19770
2.565	19990
2.575	20151
2.585	20357
2.595	20586
2.605	20616
2.615	20680
2.625	21110
2.635	21294
2.645	21217
2.655	21376
2.665	21735
2.675	21836
2.685	22011
2.695	22339
2.705	22463
2.715	22527
2.725	22573
2.735	23152
2.745	23119
2.755	23345
2.765	23293
2.775	23557
2.785	23717
2.795	24109
2.805	23886
2.815	24214
2.825	23890
2.835	24383
2.845	24526
2.855	24547
2.865	24436
2.875	24741
2.885	24873
2.895	25031
2.905	24709
2.915	25271
2.925	25206
2.935	25242
2.945	25289
2.955	25457
2.965	25685
2.975	25710
2.985	25657
2.995	26224
3.005	25813
3.015	25698
3.025	25908
3.035	25815
3.045	26318
3.055	25908
3.065	25986
3.075	26348
3.085	26393
3.095	26086
3.105	25882
3.115	26262
3.125	26180
3.135	26155
3.145	26177
3.155	26792
3.165	26399
3.175	26333
3.185	26358
3.195	26792
3.205	26299
3.215	26387
3.225	26510
3.235	26433
3.245	26786
3.255	26324
3.265	26225
3.275	26347
3.285	26344
3.295	26489
3.305	26404
3.315	26093
3.325	26105
3.335	26382
3.345	26367
3.355	26231
3.365	26277
3.375	26216
3.385	26148
3.395	25794
3.405	26101
3.415	26343
3.425	25577
3.435	25787
3.445	26011
3.455	25547
3.465	25163
3.475	25544
3.485	25236
3.495	25451
3.505	25364
3.515	25027
3.525	25163
3.535	24953
3.545	25126
3.555	24811
3.565	25134
3.575	25040
3.585	24948
3.595	24386
3.605	24332
3.615	24481
3.625	24407
3.635	24351
3.645	24171
3.655	24122
3.665	24050
3.675	23931
3.685	24010
3.695	23629
3.705	23592
3.715	23243
3.725	23296
3.735	23066
3.745	23519
3.755	23098
3.765	23098
3.775	22968
3.785	22779
3.795	22630
3.805	22496
3.815	22364
3.825	22330
3.835	22165
3.845	22266
3.855	21897
3.865	21993
3.875	21741
3.885	21804
3.895	21859
3.905	21533
3.915	21605
3.925	21086
3.935	21249
3.945	20944
3.955	21008
3.965	20946
3.975	21023
3.985	20699
3.995	20428
4.005	20479
4.015	20270
4.025	20163
4.035	20130
4.045	20163
4.055	19640
4.065	19711
4.075	19589
4.085	19487
4.095	19141
4.105	19394
4.115	19149
4.125	19012
4.135	18796
4.145	18703
4.155	18658
4.165	18459
4.175	18445
4.185	18452
4.195	18220
4.205	18068
4.215	17835
4.225	18143
4.235	17923
4.245	17752
4.255	17491
4.265	17674
4.275	17276
4.285	17365
4.295	17143
4.305	17194
4.315	17164
4.325	16747
4.335	16970
4.345	16672
4.355	16515
4.365	16329
4.375	16113
4.385	15989
4.395	16109
4.405	16045
4.415	15755
4.425	15815
4.435	15759
4.445	15635
4.455	15198
4.465	15390
4.475	14995
4.485	15297
4.495	15324
4.505	14652
4.515	14714
4.525	14663
4.535	14632
4.545	14522
4.555	14228
4.565	14437
4.575	14341
4.585	13998
4.595	13873
4.605	14122
4.615	14027
4.625	13829
4.635	13668
4.645	13791
4.655	13483
4.665	13316
4.675	13305
4.685	13112
4.695	13095
4.705	13021
4.715	12862
4.725	12934
4.735	12845
4.745	12723
4.755	12625
4.765	12505
4.775	12430
4.785	12464
4.795	12336
4.805	12170
4.815	12108
4.825	11897
4.835	11796
4.845	11869
4.855	11951
4.865	11635
4.875	11705
4.885	11474
4.895	11379
4.905	11280
4.915	11409
4.925	11169
4.935	11138
4.945	10906
4.955	11051
4.965	10947
4.975	10962
4.985	10782
4.995	10714
5.005	10579
5.015	10468
5.025	10593
5.035	10386
5.045	10471
5.055	10074
5.065	10228
5.075	10051
5.085	9989
5.095	9871
5.105	9951
5.115	9892
5.125	9740
5.135	9600
5.145	9676
5.155	9568
5.165	9487
5.175	9347
5.185	9206
5.195	9338
5.205	9381
5.215	9226
5.225	9057
5.235	8997
5.245	9025
5.255	8812
5.265	8957
5.275	8746
5.285	8828
5.295	8744
5.305	8725
5.315	8640
5.325	8541
5.335	8599
5.345	8590
5.355	8402
5.365	8367
5.375	8312
5.385	8056
5.395	8197
5.405	8091
5.415	7980
5.425	8046
5.435	8084
5.445	7808
5.455	7778
5.465	7918
5.475	7638
5.485	7654
5.495	7639
5.505	7544
5.515	7618
5.525	7472
5.535	7554
5.545	7680
5.555	7619
5.565	7318
5.575	7361
5.585	7174
5.595	7289
5.605	7203
5.615	7186
5.625	7056
5.635	7041
5.645	6935
5.655	6861
5.665	6754
5.675	6811
5.685	6677
5.695	6816
5.705	6775
5.715	6583
5.725	6768
5.735	6561
5.745	6533
5.755	6574
5.765	6393
5.775	6392
5.785	6510
5.795	6386
5.805	6416
5.815	6326
5.825	6311
5.835	6263
5.845	6294
5.855	6253
5.865	5973
5.875	6079
5.885	6116
5.895	6033
5.905	5877
5.915	5930
5.925	6057
5.935	5902
5.945	5838
5.955	5833
5.965	5714
5.975	5849
5.985	5742
5.995	5738
6.005	5749
6.015	5656
6.025	5647
6.035	5525
6.045	5544
6.055	5522
6.065	5517
6.075	5294
6.085	5525
6.095	5413
6.105	5249
6.115	5195
6.125	5370
6.135	5244
6.145	5190
6.155	5154
6.165	5197
6.175	5166
6.185	5059
6.195	5098
6.205	5142
6.215	5039
6.225	5052
6.235	5079
6.245	4917
6.255	5031
6.265	4950
6.275	4817
6.285	4867
6.295	4944
6.305	4833
6.315	4730
6.325	4726
6.335	4731
6.345	4648
6.355	4661
6.365	4769
6.375	4576
6.385	4540
6.395	4603
6.405	4635
6.415	4694
6.425	4512
6.435	4541
6.445	4623
6.455	4536
6.465	4531
6.475	4384
6.485	4400
6.495	4443
6.505	4324
6.515	4329
6.525	4350
6.535	4210
6.545	4225
6.555	4170
6.565	4197
6.575	4227
6.585	4183
6.595	4073
6.605	4106
6.615	4132
6.625	4008
6.635	4098
6.645	3964
6.655	4081
6.665	3966
6.675	3900
6.685	3930
6.695	3961
6.705	3966
6.715	3950
6.725	3860
6.735	3938
6.745	3925
6.755	3780
6.765	3879
6.775	3791
6.785	3872
6.795	3836
6.805	3813
6.815	3778
6.825	3654
6.835	3672
6.845	3744
6.855	3666
6.865	3654
6.875	3568
6.885	3712
6.895	3539
6.905	3624
6.915	3570
6.925	3530
6.935	3620
6.945	3516
6.955	3475
6.965	3418
6.975	3657
6.985	3452
6.995	3414
7.005	3427
7.015	3476
7.025	3365
7.035	3381
7.045	3354
7.055	3344
7.065	3313
7.075	3411
7.085	3305
7.095	3297
7.105	3208
7.115	3311
7.125	3307
7.135	3155
7.145	3261
7.155	3179
7.165	3164
7.175	3096
7.185	3130
7.195	3128
7.205	3114
7.215	3004
7.225	3144
7.235	3006
7.245	3031
7.255	3065
7.265	2990
7.275	3031
7.285	2998
7.295	3015
7.305	2967
7.315	2933
7.325	2972
7.335	2980
7.345	2939
7.355	2837
7.365	2815
7.375	2761
7.385	2889
7.395	2878
7.405	2871
7.415	2818
7.425	2797
7.435	2762
7.445	2716
7.455	2694
7.465	2749
7.475	2656
7.485	2713
7.495	2724
7.505	2688
7.515	2730
7.525	2746
7.535	2669
7.545	2713
7.555	2564
7.565	2629
7.575	2744
7.585	2625
7.595	2542
7.605	2592
7.615	2597
7.625	2607
7.635	2555
7.645	2548
7.655	2528
7.665	2479
7.675	2529
7.685	2462
7.695	2589
7.705	2558
7.715	2476
7.725	2407
7.735	2413
7.745	2491
7.755	2429
7.765	2434
7.775	2434
7.785	2427
7.795	2501
7.805	2423
7.815	2436
7.825	2327
7.835	2343
7.845	2324
7.855	2297
7.865	2408
7.875	2349
7.885	2309
7.895	2245
7.905	2242
7.915	2289
7.925	2223
7.935	2228
7.945	2325
7.955	2226
7.965	2253
7.975	2210
7.985	2225
7.995	2181
8.005	2172
8.015	2148
8.025	2130
8.035	2210
8.045	2255
8.055	2119
8.065	2150
8.075	2140
8.085	2116
8.095	2232
8.105	2105
8.115	2050
8.125	2007
8.135	2002
8.145	2047
8.155	2081
8.165	2054
8.175	2093
8.185	2027
8.195	1940
8.205	2052
8.215	1993
8.225	2010
8.235	2121
8.245	1977
8.255	1943
8.265	1927
8.275	1965
8.285	1936
8.295	1938
8.305	1940
8.315	1900
8.325	1895
8.335	1929
8.345	1897
8.355	1836
8.365	1854
8.375	1917
8.385	1821
8.395	1821
8.405	1777
8.415	1831
8.425	1858
8.435	1859
8.445	1784
8.455	1855
8.465	1860
8.475	1823
8.485	1770
8.495	1793
8.505	1815
8.515	1778
8.525	1815
8.535	1713
8.545	1812
8.555	1726
8.565	1846
8.575	1673
8.585	1685
8.595	1716
8.605	1718
8.615	1595
8.625	1711
8.635	1731
8.645	1614
8.655	1700
8.665	1716
8.675	1682
8.685	1672
8.695	1733
8.705	1704
8.715	1660
8.725	1602
8.735	1617
8.745	1678
8.755	1644
8.765	1577
8.775	1608
8.785	1605
8.795	1562
8.805	1568
8.815	1617
8.825	1533
8.835	1540
8.845	1591
8.855	1539
8.865	1540
8.875	1519
8.885	1503
8.895	1567
8.905	1586
8.915	1590
8.925	1504
8.935	1497
8.945	1519
8.955	1520
8.965	1561
8.975	1579
8.985	1561
8.995	1535
9.005	1421
9.015	1499
9.025	1469
9.035	1443
9.045	1479
9.055	1414
9.065	1491
9.075	1479
9.085	1494
9.095	1463
9.105	1485
9.115	1411
9.125	1461
9.135	1378
9.145	1429
9.155	1378
9.165	1518
9.175	1339
9.185	1470
9.195	1449
9.205	1338
9.215	1323
9.225	1422
9.235	1393
9.245	1347
9.255	1360
9.265	1328
9.275	1373
9.285	1330
9.295	1289
9.305	1332
9.315	1322
9.325	1334
9.335	1326
9.345	1302
9.355	1351
9.365	1300
9.375	1288
9.385	1275
9.395	1202
9.405	1287
9.415	1219
9.425	1312
9.435	1316
9.445	1239
9.455	1251
9.465	1258
9.475	1190
9.485	1206
9.495	1267
9.505	1197
9.515	1199
9.525	1213
9.535	1272
9.545	1234
9.555	1214
9.565	1216
9.575	1270
9.585	1206
9.595	1207
9.605	1194
9.615	1197
9.625	1190
9.635	1232
9.645	1197
9.655	1119
9.665	1127
9.675	1117
9.685	1204
9.695	1158
9.705	1160
9.715	1165
9.725	1142
9.735	1184
9.745	1155
9.755	1119
9.765	1174
9.775	1155
9.785	1102
9.795	1082
9.805	1143
9.815	1080
9.825	1153
9.835	1115
9.845	1103
9.855	1145
9.865	1075
9.875	1057
9.885	1057
9.895	1118
9.905	1062
9.915	1067
9.925	1139
9.935	1083
9.945	1127
9.955	1100
9.965	1067
9.975	1107
9.985	1052
9.995	1036
10.005	1052
10.015	1056
10.025	1013
10.035	1064
10.045	979
10.055	1068
10.065	1092
10.075	1022
10.085	1089
10.095	1040
10.105	1000
10.115	1073
10.125	1018
10.135	1020
10.145	997
10.155	1039
10.165	1033
10.175	973
10.185	935
10.195	926
10.205	1034
10.215	958
10.225	945
10.235	988
10.245	973
10.255	974
10.265	1001
10.275	956
10.285	933
10.295	937
10.305	913
10.315	920
10.325	933
10.335	1001
10.345	883
10.355	910
10.365	913
10.375	944
10.385	937
10.395	897
10.405	979
10.415	949
10.425	979
10.435	927
10.445	929
10.455	877
10.465	926
10.475	870
10.485	864
10.495	899
10.505	900
10.515	902
10.525	889
10.535	939
10.545	917
10.555	920
10.565	833
10.575	866
10.585	920
10.595	806
10.605	907
10.615	874
10.625	863
10.635	868
10.645	782
10.655	920
10.665	871
10.675	831
10.685	863
10.695	867
10.705	890
10.715	854
10.725	875
10.735	845
10.745	880
10.755	801
10.765	865
10.775	825
10.785	845
10.795	819
10.805	850
10.815	795
10.825	871
10.835	843
10.845	850
10.855	807
10.865	848
10.875	781
10.885	789
10.895	740
10.905	787
10.915	769
10.925	803
10.935	797
10.945	804
10.955	765
10.965	784
10.975	736
10.985	820
10.995	712
11.005	737
11.015	791
11.025	753
11.035	742
11.045	790
11.055	748
11.065	762
11.075	761
11.085	716
11.095	799
11.105	758
11.115	747
11.125	774
11.135	763
11.145	758
11.155	718
11.165	734
11.175	728
11.185	780
11.195	699
11.205	735
11.215	764
11.225	694
11.235	733
11.245	703
11.255	729
11.265	664
11.275	701
11.285	720
11.295	716
11.305	705
11.315	712
11.325	718
11.335	695
11.345	710
11.355	731
11.365	708
11.375	653
11.385	729
11.395	701
11.405	744
11.415	690
11.425	664
11.435	742
11.445	745
11.455	671
11.465	715
11.475	671
11.485	641
11.495	710
11.505	662
11.515	668
11.525	652
11.535	681
11.545	688
11.555	691
11.565	695
11.575	617
11.585	686
11.595	650
11.605	673
11.615	644
11.625	646
11.635	666
11.645	685
11.655	635
11.665	635
11.675	660
11.685	658
11.695	633
11.705	666
11.715	642
11.725	631
11.735	590
11.745	630
11.755	660
11.765	629
11.775	627
11.785	636
11.795	633
11.805	625
11.815	585
11.825	617
11.835	589
11.845	646
11.855	601
11.865	595
11.875	601
11.885	641
11.895	609
11.905	648
11.915	578
11.925	624
11.935	606
11.945	620
11.955	588
11.965	607
11.975	607
11.985	584
11.995	607
12.005	643
12.015	597
12.025	534
12.035	631
12.045	596
12.055	570
12.065	586
12.075	560
12.085	541
12.095	574
12.105	580
12.115	540
12.125	608
12.135	597
12.145	542
12.155	562
12.165	528
12.175	595
12.185	587
12.195	601
12.205	580
12.215	532
12.225	570
12.235	576
12.245	588
12.255	548
12.265	581
12.275	571
12.285	562
12.295	543
12.305	557
12.315	533
12.325	534
12.335	523
12.345	574
12.355	580
12.365	604
12.375	508
12.385	524
12.395	513
12.405	533
12.415	525
12.425	548
12.435	551
12.445	561
12.455	541
12.465	502
12.475	554
12.485	553
12.495	542
12.505	535
12.515	518
12.525	514
12.535	502
12.545	545
12.555	522
12.565	524
12.575	545
12.585	535
12.595	495
12.605	509
12.615	518
12.625	500
12.635	541
12.645	517
12.655	490
12.665	525
12.675	494
12.685	505
12.695	497
12.705	535
12.715	541
12.725	554
12.735	489
12.745	495
12.755	507
12.765	504
12.775	495
12.785	484
12.795	492
12.805	508
12.815	505
12.825	498
12.835	515
12.845	474
12.855	520
12.865	497
12.875	474
12.885	475
12.895	485
12.905	477
12.915	536
12.925	501
12.935	516
12.945	542
12.955	477
12.965	461
12.975	489
12.985	485
12.995	532
13.005	450
13.015	501
13.025	472
13.035	469
13.045	461
13.055	503
13.065	461
13.075	476
13.085	465
13.095	481
13.105	474
13.115	469
13.125	461
13.135	499
13.145	452
13.155	442
13.165	469
13.175	472
13.185	518
13.195	464
13.205	483
13.215	460
13.225	462
13.235	476
13.245	440
13.255	453
13.265	442
13.275	478
13.285	438
13.295	455
13.305	457
13.315	407
13.325	429
13.335	490
13.345	452
13.355	454
13.365	492
13.375	410
13.385	438
13.395	419
13.405	472
13.415	444
13.425	447
13.435	421
13.445	400
13.455	459
13.465	456
13.475	473
13.485	432
13.495	429
13.505	479
13.515	424
13.525	437
13.535	384
13.545	424
13.555	439
13.565	451
13.575	403
13.585	444
13.595	404
13.605	418
13.615	435
13.625	445
13.635	445
13.645	419
13.655	422
13.665	441
13.675	426
13.685	420
13.695	425
13.705	421
13.715	422
13.725	416
13.735	396
13.745	394
13.755	463
13.765	451
13.775	435
13.785	452
13.795	432
13.805	411
13.815	404
13.825	405
13.835	419
13.845	411
13.855	403
13.865	414
13.875	384
13.885	389
13.895	404
13.905	401
13.915	367
13.925	407
13.935	389
13.945	389
13.955	396
13.965	392
13.975	389
13.985	412
13.995	372
14.005	377
14.015	385
14.025	437
14.035	390
14.045	402
14.055	364
14.065	387
14.075	411
14.085	372
14.095	395
14.105	384
14.115	390
14.125	394
14.135	366
14.145	375
14.155	430
14.165	350
14.175	376
14.185	371
14.195	363
14.205	360
14.215	331
14.225	346
14.235	390
14.245	379
14.255	375
14.265	383
14.275	359
14.285	382
14.295	358
14.305	368
14.315	363
14.325	370
14.335	353
14.345	359
14.355	366
14.365	366
14.375	385
14.385	389
14.395	350
14.405	408
14.415	370
14.425	355
14.435	335
14.445	386
14.455	350
14.465	339
14.475	374
14.485	367
14.495	352
14.505	368
14.515	331
14.525	358
14.535	314
14.545	375
14.555	342
14.565	357
14.575	288
14.585	358
14.595	337
14.605	316
14.615	399
14.625	349
14.635	358
14.645	332
14.655	391
14.665	356
14.675	354
14.685	351
14.695	354
14.705	338
14.715	332
14.725	340
14.735	326
14.745	343
14.755	337
14.765	320
14.775	354
14.785	319
14.795	325
14.805	308
14.815	311
14.825	324
14.835	320
14.845	313
14.855	290
14.865	303
14.875	324
14.885	347
14.895	352
14.905	343
14.915	325
14.925	327
14.935	305
14.945	297
14.955	290
14.965	316
14.975	315
14.985	303
14.995	323
15.005	312
15.015	350
15.025	316
15.035	304
15.045	305
15.055	286
15.065	307
15.075	344
15.085	303
15.095	294
15.105	327
15.115	300
15.125	312
15.135	295
15.145	302
15.155	313
15.165	307
15.175	300
15.185	327
15.195	285
15.205	295
15.215	306
15.225	268
15.235	282
15.245	306
15.255	296
15.265	272
15.275	308
15.285	276
15.295	304
15.305	319
15.315	288
15.325	290
15.335	287
15.345	303
15.355	262
15.365	310
15.375	277
15.385	283
15.395	301
15.405	290
15.415	281
15.425	268
15.435	269
15.445	261
15.455	289
15.465	277
15.475	296
15.485	275
15.495	261
15.505	309
15.515	272
15.525	279
15.535	277
15.545	234
15.555	274
15.565	276
15.575	271
15.585	272
15.595	257
15.605	288
15.615	275
15.625	249
15.635	267
15.645	278
15.655	271
15.665	272
15.675	269
15.685	259
15.695	265
15.705	252
15.715	280
15.725	262
15.735	282
15.745	275
15.755	246
15.765	288
15.775	278
15.785	260
15.795	277
15.805	265
15.815	238
15.825	226
15.835	265
15.845	276
15.855	268
15.865	270
15.875	267
15.885	245
15.895	246
15.905	243
15.915	248
15.925	248
15.935	230
15.945	231
15.955	214
15.965	253
15.975	224
15.985	266
15.995	239
16.005	238
16.015	256
16.025	230
16.035	250
16.045	247
16.055	259
16.065	266
16.075	261
16.085	241
16.095	229
16.105	264
16.115	240
16.125	244
16.135	249
16.145	234
16.155	231
16.165	242
16.175	236
16.185	241
16.195	230
16.205	225
16.215	213
16.225	262
16.235	216
16.245	221
16.255	209
16.265	249
16.275	228
16.285	237
16.295	219
16.305	243
16.315	217
16.325	229
16.335	214
16.345	232
16.355	237
16.365	211
16.375	237
16.385	219
16.395	221
16.405	213
16.415	198
16.425	201
16.435	222
16.445	226
16.455	204
16.465	240
16.475	220
16.485	220
16.495	217
16.505	227
16.515	225
16.525	248
16.535	195
16.545	198
16.555	222
16.565	252
16.575	212
16.585	208
16.595	213
16.605	218
16.615	207
16.625	201
16.635	224
16.645	215
16.655	214
16.665	224
16.675	209
16.685	195
16.695	209
16.705	218
16.715	196
16.725	206
16.735	236
16.745	225
16.755	206
16.765	211
16.775	192
16.785	221
16.795	194
16.805	189
16.815	213
16.825	184
16.835	207
16.845	214
16.855	220
16.865	205
16.875	202
16.885	219
16.895	205
16.905	177
16.915	186
16.925	184
16.935	214
16.945	208
16.955	192
16.965	175
16.975	189
16.985	169
16.995	193
17.005	199
17.015	191
17.025	186
17.035	205
17.045	205
17.055	181
17.065	186
17.075	219
17.085	211
17.095	206
17.105	204
17.115	189
17.125	187
17.135	196
17.145	200
17.155	226
17.165	188
17.175	167
17.185	223
17.195	152
17.205	187
17.215	179
17.225	213
17.235	196
17.245	179
17.255	195
17.265	173
17.275	181
17.285	176
17.295	184
17.305	183
17.315	226
17.325	171
17.335	170
17.345	182
17.355	204
17.365	171
17.375	200
17.385	189
17.395	189
17.405	190
17.415	184
17.425	175
17.435	174
17.445	175
17.455	170
17.465	170
17.475	187
17.485	182
17.495	177
17.505	188
17.515	184
17.525	181
17.535	178
17.545	171
17.555	204
17.565	172
17.575	172
17.585	190
17.595	187
17.605	173
17.615	199
17.625	165
17.635	153
17.645	196
17.655	197
17.665	178
17.675	174
17.685	181
17.695	187
17.705	172
17.715	152
17.725	208
17.735	182
17.745	185
17.755	151
17.765	178
17.775	186
17.785	186
17.795	173
17.805	181
17.815	157
17.825	168
17.835	162
17.845	159
17.855	172
17.865	164
17.875	171
17.885	169
17.895	189
17.905	174
17.915	151
17.925	188
17.935	208
17.945	169
17.955	157
17.965	182
17.975	174
17.985	172
17.995	173
18.005	159
18.015	156
18.025	164
18.035	156
18.045	146
18.055	161
18.065	151
18.075	183
18.085	170
18.095	179
18.105	160
18.115	160
18.125	149
18.135	179
18.145	152
18.155	136
18.165	162
18.175	166
18.185	189
18.195	169
18.205	173
18.215	142
18.225	173
18.235	165
18.245	165
18.255	153
18.265	142
18.275	177
18.285	160
18.295	157
18.305	176
18.315	154
18.325	170
18.335	156
18.345	168
18.355	167
18.365	165
18.375	154
18.385	164
18.395	174
18.405	158
18.415	175
18.425	140
18.435	132
18.445	168
18.455	142
18.465	147
18.475	168
18.485	155
18.495	150
18.505	165
18.515	161
18.525	148
18.535	171
18.545	156
18.555	156
18.565	141
18.575	180
18.585	180
18.595	148
18.605	143
18.615	166
18.625	167
18.635	158
18.645	137
18.655	154
18.665	168
18.675	144
18.685	168
18.695	170
18.705	160
18.715	154
18.725	169
18.735	146
18.745	141
18.755	149
18.765	144
18.775	148
18.785	147
18.795	155
18.805	175
18.815	149
18.825	163
18.835	168
18.845	141
18.855	129
18.865	171
18.875	147
18.885	152
18.895	148
18.905	153
18.915	147
18.925	155
18.935	147
18.945	170
18.955	159
18.965	172
18.975	159
18.985	142
18.995	165
19.005	168
19.015	139
19.025	166
19.035	158
19.045	162
19.055	143
19.065	149
19.075	151
19.085	162
19.095	145
19.105	141
19.115	172
19.125	153
19.135	162
19.145	152
19.155	159
19.165	151
19.175	182
19.185	130
19.195	173
19.205	179
19.215	159
19.225	163
19.235	148
19.245	134
19.255	144
19.265	154
19.275	143
19.285	150
19.295	129
19.305	151
19.315	151
19.325	149
19.335	160
19.345	154
19.355	136
19.365	153
19.375	158
19.385	173
19.395	155
19.405	145
19.415	157
19.425	155
19.435	157
19.445	147
19.455	160
19.465	160
19.475	122
19.485	162
19.495	169
19.505	161
19.515	148
19.525	158
19.535	165
19.545	140
19.555	167
19.565	168
19.575	167
19.585	148
19.595	149
19.605	172
19.615	142
19.625	144
19.635	141
19.645	159
19.655	155
19.665	161
19.675	154
19.685	144
19.695	164
19.705	148
19.715	135
19.725	156
19.735	174
19.745	155
19.755	151
19.765	166
19.775	153
19.785	150
19.795	149
19.805	139
19.815	146
19.825	154
19.835	175
19.845	151
19.855	135
19.865	143
19.875	154
19.885	176
19.895	170
19.905	150
19.915	145
19.925	184
19.935	166
19.945	147
19.955	172
19.965	157
19.975	172
19.985	178
19.995	167
