0.5	0
1.5	0
2.5	1e-06
3.5	1.1e-05
4.5	3.8e-05
5.5	0.000112
6.5	0.000291
7.5	0.000444
8.5	0.000714001
9.5	0.001178
10.5	0.001546
11.5	0.002338
12.5	0.00326
13.5	0.004441
14.5	0.00597201
15.5	0.00760301
16.5	0.00934101
17.5	0.01121
18.5	0.013257
19.5	0.015042
20.5	0.016403
21.5	0.017983
22.5	0.018855
23.5	0.019952
24.5	0.020376
25.5	0.021297
26.5	0.021484
27.5	0.021726
28.5	0.021976
29.5	0.022017
30.5	0.021893
31.5	0.022027
32.5	0.021974
33.5	0.021851
34.5	0.021278
35.5	0.021374
36.5	0.020864
37.5	0.020628
38.5	0.020294
39.5	0.019788
40.5	0.019249
41.5	0.01877
42.5	0.018201
43.5	0.0178
44.5	0.016995
45.5	0.016564
46.5	0.016019
47.5	0.015182
48.5	0.014831
49.5	0.014074
50.5	0.013323
51.5	0.012818
52.5	0.012293
53.5	0.011691
54.5	0.011115
55.5	0.010646
56.5	0.010169
57.5	0.00958001
58.5	0.00894101
59.5	0.00866001
60.5	0.00810701
61.5	0.00787301
62.5	0.00741401
63.5	0.00697201
64.5	0.00679701
65.5	0.00642901
66.5	0.00609801
67.5	0.00584101
68.5	0.00546201
69.5	0.00524001
70.5	0.00511301
71.5	0.004896
72.5	0.004608
73.5	0.004375
74.5	0.004261
75.5	0.004047
76.5	0.003885
77.5	0.003729
78.5	0.003622
79.5	0.003441
80.5	0.003238
81.5	0.00319
82.5	0.002997
83.5	0.002952
84.5	0.002814
85.5	0.002684
86.5	0.002531
87.5	0.002437
88.5	0.002453
89.5	0.002364
90.5	0.002291
91.5	0.002141
92.5	0.002101
93.5	0.001952
94.5	0.001932
95.5	0.001926
96.5	0.001844
97.5	0.001814
98.5	0.001655
99.5	0.001673
100.5	0.001632
101.5	0.001571
102.5	0.001532
103.5	0.001502
104.5	0.001404
105.5	0.001335
106.5	0.001273
107.5	0.001306
108.5	0.00127
109.5	0.001247
110.5	0.001271
111.5	0.0012
112.5	0.001134
113.5	0.001131
114.5	0.001061
115.5	0.001024
116.5	0.001006
117.5	0.000940001
118.5	0.001046
119.5	0.000891001
120.5	0.000925001
121.5	0.000902001
122.5	0.000885001
123.5	0.000852001
124.5	0.000842001
125.5	0.000846001
126.5	0.000743001
127.5	0.000797001
128.5	0.000738001
129.5	0.000701001
130.5	0.000697001
131.5	0.000672001
132.5	0.000652001
133.5	0.000702001
134.5	0.000616001
135.5	0.000645001
136.5	0.000584001
137.5	0.000577001
138.5	0.000613001
139.5	0.000572001
140.5	0.000573001
141.5	0.000576001
142.5	0.000528001
143.5	0.000498
144.5	0.000495
145.5	0.000513001
146.5	0.000534001
147.5	0.000458
148.5	0.000507001
149.5	0.000454
150.5	0.000466
151.5	0.000471
152.5	0.000445
153.5	0.000452
154.5	0.000419
155.5	0.000401
156.5	0.000416
157.5	0.000386
158.5	0.000389
159.5	0.000356
160.5	0.000396
161.5	0.000396
162.5	0.000362
163.5	0.000371
164.5	0.000343
165.5	0.000367
166.5	0.000326
167.5	0.000334
168.5	0.000346
169.5	0.000333
170.5	0.000332
171.5	0.000332
172.5	0.000284
173.5	0.000291
174.5	0.000283
175.5	0.000271
176.5	0.000276
177.5	0.000281
178.5	0.000286
179.5	0.000249
180.5	0.000259
181.5	0.000267
182.5	0.000238
183.5	0.000286
184.5	0.000221
185.5	0.000256
186.5	0.000235
187.5	0.000248
188.5	0.000225
189.5	0.00021
190.5	0.000255
191.5	0.000245
192.5	0.000226
193.5	0.000244
194.5	0.000205
195.5	0.000223
196.5	0.000188
197.5	0.000232
198.5	0.000234
199.5	0.000202
200.5	0.000194
201.5	0.000209
202.5	0.000197
203.5	0.000198
204.5	0.000166
205.5	0.000174
206.5	0.000192
207.5	0.000171
208.5	0.000164
209.5	0.000177
210.5	0.00018
211.5	0.000152
212.5	0.000155
213.5	0.000165
214.5	0.000179
215.5	0.000196
216.5	0.000171
217.5	0.00016
218.5	0.000187
219.5	0.000152
220.5	0.000157
221.5	0.000176
222.5	0.000124
223.5	0.000153
224.5	0.000133
225.5	0.000132
226.5	0.000145
227.5	0.000145
228.5	0.000127
229.5	0.000125
230.5	0.000149
231.5	0.000126
232.5	0.000105
233.5	0.000134
234.5	0.000122
235.5	0.000126
236.5	0.000131
237.5	0.000119
238.5	0.000111
239.5	0.000119
240.5	0.000109
241.5	0.00011
242.5	0.000108
243.5	0.00011
244.5	0.000118
245.5	0.000101
246.5	8.90001e-05
247.5	0.000103
248.5	9.50001e-05
249.5	0.000125
250.5	0.000107
251.5	0.000124
252.5	9.50001e-05
253.5	8.30001e-05
254.5	0.000106
255.5	8.30001e-05
256.5	9.30001e-05
257.5	7.20001e-05
258.5	0.000105
259.5	8.60001e-05
260.5	9.20001e-05
261.5	0.000103
262.5	7.00001e-05
263.5	8.80001e-05
264.5	8.50001e-05
265.5	9.70001e-05
266.5	7.70001e-05
267.5	8.20001e-05
268.5	8.60001e-05
269.5	7.00001e-05
270.5	8.10001e-05
271.5	8.20001e-05
272.5	6.50001e-05
273.5	8.10001e-05
274.5	8.30001e-05
275.5	7.20001e-05
276.5	6.90001e-05
277.5	7.30001e-05
278.5	8.80001e-05
279.5	8.00001e-05
280.5	7.00001e-05
281.5	8.50001e-05
282.5	8.00001e-05
283.5	0.000102
284.5	7.40001e-05
285.5	9.00001e-05
286.5	8.10001e-05
287.5	7.00001e-05
288.5	7.50001e-05
289.5	5.90001e-05
290.5	6.80001e-05
291.5	6.50001e-05
292.5	7.40001e-05
293.5	6.50001e-05
294.5	4.4e-05
295.5	7.60001e-05
296.5	6.40001e-05
297.5	5.50001e-05
298.5	6.40001e-05
299.5	5.20001e-05
300.5	6.00001e-05
301.5	6.10001e-05
302.5	5.30001e-05
303.5	5.50001e-05
304.5	5.00001e-05
305.5	4.3e-05
306.5	7.20001e-05
307.5	4.9e-05
308.5	6.20001e-05
309.5	4.6e-05
310.5	5.00001e-05
311.5	4.3e-05
312.5	4.5e-05
313.5	4.2e-05
314.5	4.2e-05
315.5	5.30001e-05
316.5	5.00001e-05
317.5	5.20001e-05
318.5	5.50001e-05
319.5	5.60001e-05
320.5	5.10001e-05
321.5	5.60001e-05
322.5	3e-05
323.5	4.9e-05
324.5	5.10001e-05
325.5	5.90001e-05
326.5	4.6e-05
327.5	4.6e-05
328.5	4.5e-05
329.5	5.40001e-05
330.5	4.2e-05
331.5	3.7e-05
332.5	5.10001e-05
333.5	3.9e-05
334.5	4.6e-05
335.5	3.7e-05
336.5	4.8e-05
337.5	4.8e-05
338.5	5.00001e-05
339.5	4.9e-05
340.5	4.4e-05
341.5	3.9e-05
342.5	4.4e-05
343.5	3.6e-05
344.5	3.5e-05
345.5	3.8e-05
346.5	3.4e-05
347.5	3.9e-05
348.5	3.4e-05
349.5	4e-05
350.5	3e-05
351.5	3.1e-05
352.5	3.9e-05
353.5	3.7e-05
354.5	3.3e-05
355.5	4.5e-05
356.5	3.9e-05
357.5	3.8e-05
358.5	3.5e-05
359.5	3.2e-05
360.5	4.3e-05
361.5	3.4e-05
362.5	4e-05
363.5	3.4e-05
364.5	3.1e-05
365.5	2.7e-05
366.5	3.3e-05
367.5	2.8e-05
368.5	3.8e-05
369.5	2.8e-05
370.5	3.4e-05
371.5	4.2e-05
372.5	3.4e-05
373.5	3.3e-05
374.5	4.1e-05
375.5	3.9e-05
376.5	3.5e-05
377.5	3.4e-05
378.5	3.8e-05
379.5	4e-05
380.5	3.3e-05
381.5	3.3e-05
382.5	3.9e-05
383.5	4.7e-05
384.5	3.1e-05
385.5	2.9e-05
386.5	3e-05
387.5	3.8e-05
388.5	3.5e-05
389.5	3e-05
390.5	3.9e-05
391.5	3.4e-05
392.5	3.9e-05
393.5	3.2e-05
394.5	3.1e-05
395.5	3e-05
396.5	2.8e-05
397.5	2.7e-05
398.5	3.4e-05
399.5	2.6e-05
400.5	3e-05
401.5	3.4e-05
402.5	2.2e-05
403.5	2.4e-05
404.5	3.2e-05
405.5	1.5e-05
406.5	2.3e-05
407.5	2.6e-05
408.5	2.5e-05
409.5	2.6e-05
410.5	2.5e-05
411.5	2.2e-05
412.5	2.1e-05
413.5	2.3e-05
414.5	2.2e-05
415.5	2e-05
416.5	2.9e-05
417.5	2.2e-05
418.5	2.6e-05
419.5	2.3e-05
420.5	1.9e-05
421.5	2.2e-05
422.5	3e-05
423.5	1.5e-05
424.5	2e-05
425.5	2.4e-05
426.5	8.00001e-06
427.5	2.5e-05
428.5	1.1e-05
429.5	1.9e-05
430.5	1.4e-05
431.5	2.2e-05
432.5	1.4e-05
433.5	2.1e-05
434.5	1.9e-05
435.5	1.7e-05
436.5	1.3e-05
437.5	2e-05
438.5	1.7e-05
439.5	1.8e-05
440.5	1.6e-05
441.5	2.1e-05
442.5	1.8e-05
443.5	2e-05
444.5	1.4e-05
445.5	1e-05
446.5	1.6e-05
447.5	1.6e-05
448.5	1.3e-05
449.5	1.1e-05
450.5	1e-05
451.5	1.4e-05
452.5	1.4e-05
453.5	9.00001e-06
454.5	1.9e-05
455.5	1.5e-05
456.5	7.00001e-06
457.5	1.4e-05
458.5	1.2e-05
459.5	1.2e-05
460.5	1.1e-05
461.5	7.00001e-06
462.5	1.3e-05
463.5	1.4e-05
464.5	8.00001e-06
465.5	8.00001e-06
466.5	9.00001e-06
467.5	1.3e-05
468.5	6.00001e-06
469.5	4e-06
470.5	5.00001e-06
471.5	9.00001e-06
472.5	8.00001e-06
473.5	1e-05
474.5	1.2e-05
475.5	9.00001e-06
476.5	8.00001e-06
477.5	8.00001e-06
478.5	6.00001e-06
479.5	6.00001e-06
480.5	6.00001e-06
481.5	3e-06
482.5	1.1e-05
483.5	1.6e-05
484.5	8.00001e-06
485.5	9.00001e-06
486.5	7.00001e-06
487.5	1e-05
488.5	1.1e-05
489.5	1.3e-05
490.5	9.00001e-06
491.5	7.00001e-06
492.5	1e-05
493.5	9.00001e-06
494.5	1e-05
495.5	7.00001e-06
496.5	4e-06
497.5	5.00001e-06
498.5	4e-06
499.5	5.00001e-06
500.5	3e-06
501.5	5.00001e-06
502.5	4e-06
503.5	5.00001e-06
504.5	5.00001e-06
505.5	3e-06
506.5	2e-06
507.5	6.00001e-06
508.5	3e-06
509.5	5.00001e-06
510.5	3e-06
511.5	1e-05
512.5	4e-06
513.5	1.2e-05
514.5	9.00001e-06
515.5	5.00001e-06
516.5	3e-06
517.5	3e-06
518.5	5.00001e-06
519.5	6.00001e-06
520.5	5.00001e-06
521.5	7.00001e-06
522.5	1e-06
523.5	4e-06
524.5	6.00001e-06
525.5	2e-06
526.5	5.00001e-06
527.5	4e-06
528.5	3e-06
529.5	5.00001e-06
530.5	2e-06
531.5	4e-06
532.5	3e-06
533.5	1e-06
534.5	5.00001e-06
535.5	3e-06
536.5	3e-06
537.5	2e-06
538.5	4e-06
539.5	1e-06
540.5	1e-06
541.5	5.00001e-06
542.5	4e-06
543.5	1e-06
544.5	0
545.5	1e-06
546.5	4e-06
547.5	0
548.5	2e-06
549.5	2e-06
550.5	3e-06
551.5	5.00001e-06
552.5	2e-06
553.5	1e-06
554.5	4e-06
555.5	7.00001e-06
556.5	3e-06
557.5	3e-06
558.5	2e-06
559.5	4e-06
560.5	3e-06
561.5	5.00001e-06
562.5	3e-06
563.5	2e-06
564.5	0
565.5	2e-06
566.5	4e-06
567.5	6.00001e-06
568.5	2e-06
569.5	5.00001e-06
570.5	5.00001e-06
571.5	3e-06
572.5	0
573.5	7.00001e-06
574.5	8.00001e-06
575.5	3e-06
576.5	2e-06
577.5	4e-06
578.5	3e-06
579.5	4e-06
580.5	1e-06
581.5	1e-06
582.5	1e-06
583.5	2e-06
584.5	2e-06
585.5	2e-06
586.5	0
587.5	1e-06
588.5	3e-06
589.5	1e-06
590.5	1e-06
591.5	1e-06
592.5	0
593.5	1e-06
594.5	2e-06
595.5	3e-06
596.5	0
597.5	1e-06
598.5	0
599.5	1e-06
600.5	1e-06
601.5	1e-06
602.5	0
603.5	0
604.5	1e-06
605.5	1e-06
606.5	0
607.5	1e-06
608.5	1e-06
609.5	0
610.5	0
611.5	1e-06
612.5	0
613.5	0
614.5	0
615.5	0
616.5	0
617.5	1e-06
618.5	1e-06
619.5	0
620.5	0
621.5	0
622.5	0
623.5	0
624.5	0
625.5	0
626.5	0
627.5	1e-06
628.5	0
629.5	0
630.5	0
631.5	0
632.5	2e-06
633.5	1e-06
634.5	3e-06
635.5	0
636.5	0
637.5	0
638.5	0
639.5	1e-06
640.5	0
641.5	1e-06
642.5	1e-06
643.5	0
644.5	1e-06
645.5	2e-06
646.5	0
647.5	1e-06
648.5	0
649.5	0
650.5	0
651.5	3e-06
652.5	0
653.5	1e-06
654.5	0
655.5	0
656.5	0
657.5	1e-06
658.5	1e-06
659.5	0
660.5	0
661.5	1e-06
662.5	0
663.5	1e-06
664.5	2e-06
665.5	2e-06
666.5	2e-06
667.5	0
668.5	2e-06
669.5	1e-06
670.5	3e-06
671.5	1e-06
672.5	1e-06
673.5	0
674.5	0
675.5	0
676.5	0
677.5	0
678.5	0
679.5	1e-06
680.5	0
681.5	1e-06
682.5	1e-06
683.5	0
684.5	0
685.5	0
686.5	1e-06
687.5	0
688.5	0
689.5	0
690.5	1e-06
691.5	0
692.5	1e-06
693.5	0
694.5	0
695.5	1e-06
696.5	2e-06
697.5	1e-06
698.5	0
699.5	2e-06
700.5	0
701.5	1e-06
702.5	0
703.5	0
704.5	1e-06
705.5	0
706.5	0
707.5	0
708.5	0
709.5	0
710.5	0
711.5	0
712.5	0
713.5	0
714.5	0
715.5	1e-06
716.5	0
717.5	0
718.5	0
719.5	0
720.5	0
721.5	1e-06
722.5	1e-06
723.5	0
724.5	0
725.5	0
726.5	0
727.5	1e-06
728.5	0
729.5	0
730.5	0
731.5	0
732.5	0
733.5	0
734.5	0
735.5	0
736.5	0
737.5	0
738.5	0
739.5	1e-06
740.5	0
741.5	0
742.5	0
743.5	0
744.5	0
745.5	0
746.5	1e-06
747.5	0
748.5	0
749.5	0
750.5	0
751.5	1e-06
752.5	0
753.5	0
754.5	0
755.5	0
756.5	0
757.5	0
758.5	0
759.5	0
760.5	0
761.5	0
762.5	0
763.5	0
764.5	0
765.5	0
766.5	0
767.5	0
768.5	1e-06
769.5	0
770.5	0
771.5	0
772.5	1e-06
773.5	0
774.5	0
775.5	0
776.5	0
777.5	0
778.5	0
779.5	0
780.5	0
781.5	0
782.5	0
783.5	0
784.5	0
785.5	0
786.5	0
787.5	0
788.5	0
789.5	0
790.5	0
791.5	0
792.5	0
793.5	0
794.5	0
795.5	0
796.5	0
797.5	0
798.5	0
799.5	0
800.5	0
801.5	0
802.5	0
803.5	0
804.5	0
805.5	0
806.5	0
807.5	0
808.5	0
809.5	0
810.5	0
811.5	0
812.5	0
813.5	0
814.5	0
815.5	0
816.5	0
817.5	0
818.5	0
819.5	0
820.5	0
821.5	0
822.5	0
823.5	0
824.5	0
825.5	0
826.5	0
827.5	0
828.5	0
829.5	0
830.5	0
831.5	0
832.5	0
833.5	0
834.5	0
835.5	0
836.5	0
837.5	0
838.5	0
839.5	0
840.5	0
841.5	0
842.5	0
843.5	0
844.5	0
845.5	0
846.5	0
847.5	0
848.5	0
849.5	0
850.5	0
851.5	0
852.5	0
853.5	0
854.5	0
855.5	0
856.5	0
857.5	0
858.5	0
859.5	0
860.5	0
861.5	0
862.5	0
863.5	0
864.5	0
865.5	0
866.5	0
867.5	0
868.5	0
869.5	0
870.5	0
871.5	0
872.5	0
873.5	0
874.5	0
875.5	0
876.5	0
877.5	0
878.5	0
879.5	0
880.5	0
881.5	0
882.5	0
883.5	0
884.5	0
885.5	0
886.5	0
887.5	0
888.5	0
889.5	0
890.5	0
891.5	0
892.5	0
893.5	0
894.5	0
895.5	0
896.5	0
897.5	0
898.5	0
899.5	0
900.5	0
901.5	0
902.5	0
903.5	0
904.5	0
905.5	0
906.5	0
907.5	0
908.5	0
909.5	0
910.5	0
911.5	0
912.5	0
913.5	0
914.5	0
915.5	0
916.5	0
917.5	0
918.5	0
919.5	0
920.5	0
921.5	0
922.5	0
923.5	0
924.5	0
925.5	0
926.5	0
927.5	0
928.5	0
929.5	0
930.5	0
931.5	0
932.5	0
933.5	0
934.5	0
935.5	0
936.5	0
937.5	0
938.5	0
939.5	0
940.5	0
941.5	0
942.5	0
943.5	0
944.5	0
945.5	0
946.5	0
947.5	0
948.5	0
949.5	0
950.5	0
951.5	0
952.5	0
953.5	0
954.5	0
955.5	0
956.5	0
957.5	0
958.5	0
959.5	0
960.5	0
961.5	0
962.5	0
963.5	0
964.5	0
965.5	0
966.5	0
967.5	0
968.5	0
969.5	0
970.5	0
971.5	0
972.5	0
973.5	0
974.5	0
975.5	0
976.5	0
977.5	0
978.5	0
979.5	0
980.5	0
981.5	0
982.5	0
983.5	0
984.5	0
985.5	0
986.5	0
987.5	0
988.5	0
989.5	0
990.5	0
991.5	0
992.5	0
993.5	0
994.5	0
995.5	0
996.5	0
997.5	0
998.5	0
999.5	0
1000.5	0
1001.5	0
1002.5	0
1003.5	0
1004.5	0
1005.5	0
1006.5	0
1007.5	0
1008.5	0
1009.5	0
1010.5	0
1011.5	0
1012.5	0
1013.5	0
1014.5	0
1015.5	0
1016.5	0
1017.5	0
1018.5	0
1019.5	0
1020.5	0
1021.5	0
1022.5	0
1023.5	0
1024.5	0
1025.5	0
1026.5	0
1027.5	0
1028.5	0
1029.5	0
1030.5	0
1031.5	0
1032.5	0
1033.5	0
1034.5	0
1035.5	0
1036.5	0
1037.5	0
1038.5	0
1039.5	0
1040.5	0
1041.5	0
1042.5	0
1043.5	0
1044.5	0
1045.5	0
1046.5	0
1047.5	0
1048.5	0
1049.5	0
1050.5	0
1051.5	0
1052.5	0
1053.5	0
1054.5	0
1055.5	0
1056.5	0
1057.5	0
1058.5	0
1059.5	0
1060.5	0
1061.5	0
1062.5	0
1063.5	0
1064.5	0
1065.5	0
1066.5	0
1067.5	0
1068.5	0
1069.5	0
1070.5	0
1071.5	0
1072.5	0
1073.5	0
1074.5	0
1075.5	0
1076.5	0
1077.5	0
1078.5	0
1079.5	0
1080.5	0
1081.5	0
1082.5	0
1083.5	0
1084.5	0
1085.5	0
1086.5	0
1087.5	0
1088.5	0
1089.5	0
1090.5	0
1091.5	0
1092.5	0
1093.5	0
1094.5	0
1095.5	0
1096.5	0
1097.5	0
1098.5	0
1099.5	0
1100.5	0
1101.5	0
1102.5	0
1103.5	0
1104.5	0
1105.5	0
1106.5	0
1107.5	0
1108.5	0
1109.5	0
1110.5	0
1111.5	0
1112.5	0
1113.5	0
1114.5	0
1115.5	0
1116.5	0
1117.5	0
1118.5	0
1119.5	0
1120.5	0
1121.5	0
1122.5	0
1123.5	0
1124.5	0
1125.5	0
1126.5	0
1127.5	0
1128.5	0
1129.5	0
1130.5	0
1131.5	0
1132.5	0
1133.5	0
1134.5	0
1135.5	0
1136.5	0
1137.5	0
1138.5	0
1139.5	0
1140.5	0
1141.5	0
1142.5	0
1143.5	0
1144.5	0
1145.5	0
1146.5	0
1147.5	0
1148.5	0
1149.5	0
1150.5	0
1151.5	0
1152.5	0
1153.5	0
1154.5	0
1155.5	0
1156.5	0
1157.5	0
1158.5	0
1159.5	0
1160.5	0
1161.5	0
1162.5	0
1163.5	0
1164.5	0
1165.5	0
1166.5	0
1167.5	0
1168.5	0
1169.5	0
1170.5	0
1171.5	0
1172.5	0
1173.5	0
1174.5	0
1175.5	0
1176.5	0
1177.5	0
1178.5	0
1179.5	0
1180.5	0
1181.5	0
1182.5	0
1183.5	0
1184.5	0
1185.5	0
1186.5	0
1187.5	0
1188.5	0
1189.5	0
1190.5	0
1191.5	0
1192.5	0
1193.5	0
1194.5	0
1195.5	0
1196.5	0
1197.5	0
1198.5	0
1199.5	0
1200.5	0
1201.5	0
1202.5	0
1203.5	0
1204.5	0
1205.5	0
1206.5	0
1207.5	0
1208.5	0
1209.5	0
1210.5	0
1211.5	0
1212.5	0
1213.5	0
1214.5	0
1215.5	0
1216.5	0
1217.5	0
1218.5	0
1219.5	0
1220.5	0
1221.5	0
1222.5	0
1223.5	0
1224.5	0
1225.5	0
1226.5	0
1227.5	0
1228.5	0
1229.5	0
1230.5	0
1231.5	0
1232.5	0
1233.5	0
1234.5	0
1235.5	0
1236.5	0
1237.5	0
1238.5	0
1239.5	0
1240.5	0
1241.5	0
1242.5	0
1243.5	0
1244.5	0
1245.5	0
1246.5	0
1247.5	0
1248.5	0
1249.5	0
1250.5	0
1251.5	0
1252.5	0
1253.5	0
1254.5	0
1255.5	0
1256.5	0
1257.5	0
1258.5	0
1259.5	0
1260.5	0
1261.5	0
1262.5	0
1263.5	0
1264.5	0
1265.5	0
1266.5	0
1267.5	0
1268.5	0
1269.5	0
1270.5	0
1271.5	0
1272.5	0
1273.5	0
1274.5	0
1275.5	0
1276.5	0
1277.5	0
1278.5	0
1279.5	0
1280.5	0
1281.5	0
1282.5	0
1283.5	0
1284.5	0
1285.5	0
1286.5	0
1287.5	0
1288.5	0
1289.5	0
1290.5	0
1291.5	0
1292.5	0
1293.5	0
1294.5	0
1295.5	0
1296.5	0
1297.5	0
1298.5	0
1299.5	0
1300.5	0
1301.5	0
1302.5	0
1303.5	0
1304.5	0
1305.5	0
1306.5	0
1307.5	0
1308.5	0
1309.5	0
1310.5	0
1311.5	0
1312.5	0
1313.5	0
1314.5	0
1315.5	0
1316.5	0
1317.5	0
1318.5	0
1319.5	0
1320.5	0
1321.5	0
1322.5	0
1323.5	0
1324.5	0
1325.5	0
1326.5	0
1327.5	0
1328.5	0
1329.5	0
1330.5	0
1331.5	0
1332.5	0
1333.5	0
1334.5	0
1335.5	0
1336.5	0
1337.5	0
1338.5	0
1339.5	0
1340.5	0
1341.5	0
1342.5	0
1343.5	0
1344.5	0
1345.5	0
1346.5	0
1347.5	0
1348.5	0
1349.5	0
1350.5	0
1351.5	0
1352.5	0
1353.5	0
1354.5	0
1355.5	0
1356.5	0
1357.5	0
1358.5	0
1359.5	0
1360.5	0
1361.5	0
1362.5	0
1363.5	0
1364.5	0
1365.5	0
1366.5	0
1367.5	0
1368.5	0
1369.5	0
1370.5	0
1371.5	0
1372.5	0
1373.5	0
1374.5	0
1375.5	0
1376.5	0
1377.5	0
1378.5	0
1379.5	0
1380.5	0
1381.5	0
1382.5	0
1383.5	0
1384.5	0
1385.5	0
1386.5	0
1387.5	0
1388.5	0
1389.5	0
1390.5	0
1391.5	0
1392.5	0
1393.5	0
1394.5	0
1395.5	0
1396.5	0
1397.5	0
1398.5	0
1399.5	0
1400.5	0
1401.5	0
1402.5	0
1403.5	0
1404.5	0
1405.5	0
1406.5	0
1407.5	0
1408.5	0
1409.5	0
1410.5	0
1411.5	0
1412.5	0
1413.5	0
1414.5	0
1415.5	0
1416.5	0
1417.5	0
1418.5	0
1419.5	0
1420.5	0
1421.5	0
1422.5	0
1423.5	0
1424.5	0
1425.5	0
1426.5	0
1427.5	0
1428.5	0
1429.5	0
1430.5	0
1431.5	0
1432.5	0
1433.5	0
1434.5	0
1435.5	0
1436.5	0
1437.5	0
1438.5	0
1439.5	0
1440.5	0
1441.5	0
1442.5	0
1443.5	0
1444.5	0
1445.5	0
1446.5	0
1447.5	0
1448.5	0
1449.5	0
1450.5	0
1451.5	0
1452.5	0
1453.5	0
1454.5	0
1455.5	0
1456.5	0
1457.5	0
1458.5	0
1459.5	0
1460.5	0
1461.5	0
1462.5	0
1463.5	0
1464.5	0
1465.5	0
1466.5	0
1467.5	0
1468.5	0
1469.5	0
1470.5	0
1471.5	0
1472.5	0
1473.5	0
1474.5	0
1475.5	0
1476.5	0
1477.5	0
1478.5	0
1479.5	0
1480.5	0
1481.5	0
1482.5	0
1483.5	0
1484.5	0
1485.5	0
1486.5	0
1487.5	0
1488.5	0
1489.5	0
1490.5	0
1491.5	0
1492.5	0
1493.5	0
1494.5	0
1495.5	0
1496.5	0
1497.5	0
1498.5	0
1499.5	0
1500.5	0
1501.5	0
1502.5	0
1503.5	0
1504.5	0
1505.5	0
1506.5	0
1507.5	0
1508.5	0
1509.5	0
1510.5	0
1511.5	0
1512.5	0
1513.5	0
1514.5	0
1515.5	0
1516.5	0
1517.5	0
1518.5	0
1519.5	0
1520.5	0
1521.5	0
1522.5	0
1523.5	0
1524.5	0
1525.5	0
1526.5	0
1527.5	0
1528.5	0
1529.5	0
1530.5	0
1531.5	0
1532.5	0
1533.5	0
1534.5	0
1535.5	0
1536.5	0
1537.5	0
1538.5	0
1539.5	0
1540.5	0
1541.5	0
1542.5	0
1543.5	0
1544.5	0
1545.5	0
1546.5	0
1547.5	0
1548.5	0
1549.5	0
1550.5	0
1551.5	0
1552.5	0
1553.5	0
1554.5	0
1555.5	0
1556.5	0
1557.5	0
1558.5	0
1559.5	0
1560.5	0
1561.5	0
1562.5	0
1563.5	0
1564.5	0
1565.5	0
1566.5	0
1567.5	0
1568.5	0
1569.5	0
1570.5	0
1571.5	0
1572.5	0
1573.5	0
1574.5	0
1575.5	0
1576.5	0
1577.5	0
1578.5	0
1579.5	0
1580.5	0
1581.5	0
1582.5	0
1583.5	0
1584.5	0
1585.5	0
1586.5	0
1587.5	0
1588.5	0
1589.5	0
1590.5	0
1591.5	0
1592.5	0
1593.5	0
1594.5	0
1595.5	0
1596.5	0
1597.5	0
1598.5	0
1599.5	0
1600.5	0
1601.5	0
1602.5	0
1603.5	0
1604.5	0
1605.5	0
1606.5	0
1607.5	0
1608.5	0
1609.5	0
1610.5	0
1611.5	0
1612.5	0
1613.5	0
1614.5	0
1615.5	0
1616.5	0
1617.5	0
1618.5	0
1619.5	0
1620.5	0
1621.5	0
1622.5	0
1623.5	0
1624.5	0
1625.5	0
1626.5	0
1627.5	0
1628.5	0
1629.5	0
1630.5	0
1631.5	0
1632.5	0
1633.5	0
1634.5	0
1635.5	0
1636.5	0
1637.5	0
1638.5	0
1639.5	0
1640.5	0
1641.5	0
1642.5	0
1643.5	0
1644.5	0
1645.5	0
1646.5	0
1647.5	0
1648.5	0
1649.5	0
1650.5	0
1651.5	0
1652.5	0
1653.5	0
1654.5	0
1655.5	0
1656.5	0
1657.5	0
1658.5	0
1659.5	0
1660.5	0
1661.5	0
1662.5	0
1663.5	0
1664.5	0
1665.5	0
1666.5	0
1667.5	0
1668.5	0
1669.5	0
1670.5	0
1671.5	0
1672.5	0
1673.5	0
1674.5	0
1675.5	0
1676.5	0
1677.5	0
1678.5	0
1679.5	0
1680.5	0
1681.5	0
1682.5	0
1683.5	0
1684.5	0
1685.5	0
1686.5	0
1687.5	0
1688.5	0
1689.5	0
1690.5	0
1691.5	0
1692.5	0
1693.5	0
1694.5	0
1695.5	0
1696.5	0
1697.5	0
1698.5	0
1699.5	0
1700.5	0
1701.5	0
1702.5	0
1703.5	0
1704.5	0
1705.5	0
1706.5	0
1707.5	0
1708.5	0
1709.5	0
1710.5	0
1711.5	0
1712.5	0
1713.5	0
1714.5	0
1715.5	0
1716.5	0
1717.5	0
1718.5	0
1719.5	0
1720.5	0
1721.5	0
1722.5	0
1723.5	0
1724.5	0
1725.5	0
1726.5	0
1727.5	0
1728.5	0
1729.5	0
1730.5	0
1731.5	0
1732.5	0
1733.5	0
1734.5	0
1735.5	0
1736.5	0
1737.5	0
1738.5	0
1739.5	0
1740.5	0
1741.5	0
1742.5	0
1743.5	0
1744.5	0
1745.5	0
1746.5	0
1747.5	0
1748.5	0
1749.5	0
1750.5	0
1751.5	0
1752.5	0
1753.5	0
1754.5	0
1755.5	0
1756.5	0
1757.5	0
1758.5	0
1759.5	0
1760.5	0
1761.5	0
1762.5	0
1763.5	0
1764.5	0
1765.5	0
1766.5	0
1767.5	0
1768.5	0
1769.5	0
1770.5	0
1771.5	0
1772.5	0
1773.5	0
1774.5	0
1775.5	0
1776.5	0
1777.5	0
1778.5	0
1779.5	0
1780.5	0
1781.5	0
1782.5	0
1783.5	0
1784.5	0
1785.5	0
1786.5	0
1787.5	0
1788.5	0
1789.5	0
1790.5	0
1791.5	0
1792.5	0
1793.5	0
1794.5	0
1795.5	0
1796.5	0
1797.5	0
1798.5	0
1799.5	0
1800.5	0
1801.5	0
1802.5	0
1803.5	0
1804.5	0
1805.5	0
1806.5	0
1807.5	0
1808.5	0
1809.5	0
1810.5	0
1811.5	0
1812.5	0
1813.5	0
1814.5	0
1815.5	0
1816.5	0
1817.5	0
1818.5	0
1819.5	0
1820.5	0
1821.5	0
1822.5	0
1823.5	0
1824.5	0
1825.5	0
1826.5	0
1827.5	0
1828.5	0
1829.5	0
1830.5	0
1831.5	0
1832.5	0
1833.5	0
1834.5	0
1835.5	0
1836.5	0
1837.5	0
1838.5	0
1839.5	0
1840.5	0
1841.5	0
1842.5	0
1843.5	0
1844.5	0
1845.5	0
1846.5	0
1847.5	0
1848.5	0
1849.5	0
1850.5	0
1851.5	0
1852.5	0
1853.5	0
1854.5	0
1855.5	0
1856.5	0
1857.5	0
1858.5	0
1859.5	0
1860.5	0
1861.5	0
1862.5	0
1863.5	0
1864.5	0
1865.5	0
1866.5	0
1867.5	0
1868.5	0
1869.5	0
1870.5	0
1871.5	0
1872.5	0
1873.5	0
1874.5	0
1875.5	0
1876.5	0
1877.5	0
1878.5	0
1879.5	0
1880.5	0
1881.5	0
1882.5	0
1883.5	0
1884.5	0
1885.5	0
1886.5	0
1887.5	0
1888.5	0
1889.5	0
1890.5	0
1891.5	0
1892.5	0
1893.5	0
1894.5	0
1895.5	0
1896.5	0
1897.5	0
1898.5	0
1899.5	0
1900.5	0
1901.5	0
1902.5	0
1903.5	0
1904.5	0
1905.5	0
1906.5	0
1907.5	0
1908.5	0
1909.5	0
1910.5	0
1911.5	0
1912.5	0
1913.5	0
1914.5	0
1915.5	0
1916.5	0
1917.5	0
1918.5	0
1919.5	0
1920.5	0
1921.5	0
1922.5	0
1923.5	0
1924.5	0
1925.5	0
1926.5	0
1927.5	0
1928.5	0
1929.5	0
1930.5	0
1931.5	0
1932.5	0
1933.5	0
1934.5	0
1935.5	0
1936.5	0
1937.5	0
1938.5	0
1939.5	0
1940.5	0
1941.5	0
1942.5	0
1943.5	0
1944.5	0
1945.5	0
1946.5	0
1947.5	0
1948.5	0
1949.5	0
1950.5	0
1951.5	0
1952.5	0
1953.5	0
1954.5	0
1955.5	0
1956.5	0
1957.5	0
1958.5	0
1959.5	0
1960.5	0
1961.5	0
1962.5	0
1963.5	0
1964.5	0
1965.5	0
1966.5	0
1967.5	0
1968.5	0
1969.5	0
1970.5	0
1971.5	0
1972.5	0
1973.5	0
1974.5	0
1975.5	0
1976.5	0
1977.5	0
1978.5	0
1979.5	0
1980.5	0
1981.5	0
1982.5	0
1983.5	0
1984.5	0
1985.5	0
1986.5	0
1987.5	0
1988.5	0
1989.5	0
1990.5	0
1991.5	0
1992.5	0
1993.5	0
1994.5	0
1995.5	0
1996.5	0
1997.5	0
1998.5	0
1999.5	0
