8.61	0
9	0.000219594
9.213	0.000496008
9.5	0.000872223
9.69	0.000953122
10.05	0.000857613
10.425	0.000917855
10.7	0.000838849
10.913	0.00075711
11.27	0.000913914
11.5	0.00123654
11.713	0.00127242
11.9	0.0012359
12.125	0.0012876
12.375	0.00135819
12.61	0.00155558
13	0.00172268
13.325	0.00179818
13.62	0.00178411
14	0.00173699
14.5	0.00166521
15	0.00159362
15.5	0.00150565
16	0.00142039
16.5	0.0013403
17	0.00126058
17.5	0.00117273
18	0.00109937
18.5	0.00102864
19	0.000964206
19.5	0.00090562
20	0.000850929
20.5	0.000789553
21	0.000742589
21.5	0.000698039
22	0.000656415
22.5	0.000610279
23	0.000571511
23.5	0.00053629
24	0.00050169
24.5	0.000465065
25	0.000435909
25.5	0.000419145
26	0.000384505
26.5	0.000357679
27	0.000339074
27.5	0.000317796
28	0.000297667
28.5	0.000275567
29	0.000262446
29.5	0.000249954
30	0.000235336
30.5	0.000221034
31	0.000211205
31.5	0.000191859
32	0.000176183
32.5	0.000165821
33	0.000160861
33.5	0.000151851
34	0.000146281
34.5	0.000136791
35	0.000128184
35.5	0.000123799
36	0.000116062
36.5	0.000110323
37	0.000105912
37.5	0.000101183
38	9.65771e-05
38.5	8.94066e-05
39	8.86935e-05
39.5	8.33156e-05
40	7.9432e-05
41	7.28743e-05
42	6.71432e-05
43	6.00313e-05
44	5.52196e-05
45	5.14671e-05
46	4.70465e-05
47	4.38564e-05
48	4.04566e-05
49	3.86422e-05
50	3.47158e-05
51	3.23333e-05
52	3.02512e-05
53	2.804e-05
54	2.65181e-05
55	2.40563e-05
56	2.20716e-05
57	2.09239e-05
58	1.9815e-05
59	1.82793e-05
60	1.68856e-05
61	1.64342e-05
62	1.5379e-05
63	1.47047e-05
64	1.36228e-05
65	1.25741e-05
66	1.22215e-05
67	1.15511e-05
68	1.05777e-05
69	1.02686e-05
70	9.88979e-06
71	9.67584e-06
72	8.70482e-06
73	8.21167e-06
74	7.88046e-06
75	7.41079e-06
76	7.09819e-06
77	6.72229e-06
78	6.49702e-06
79	6.20779e-06
80	5.85656e-06
82	5.44839e-06
84	4.86221e-06
86	4.49529e-06
88	4.14482e-06
90	3.80954e-06
92	3.48856e-06
94	3.29872e-06
96	3.00119e-06
98	2.82874e-06
100	2.6075e-06
102	2.50358e-06
104	2.29677e-06
106	2.20245e-06
108	2.06007e-06
110	1.92273e-06
112	1.79016e-06
112.7	1.70256e-06
119	1.45036e-06
125	1.22262e-06
132.91	1.03741e-06
142.86	8.09915e-07
150	6.69184e-07
175	4.15916e-07
200	2.68815e-07
225	1.78467e-07
250	1.21083e-07
275	8.36515e-08
285	7.24671e-08
285.91	1.45871e-07
286.4	2.72525e-07
286.71	6.67669e-07
286.95	8.64604e-07
287.01	1.81677e-06
287.04	2.16778e-06
287.08	1.81857e-06
287.12	1.21918e-06
287.16	7.20307e-07
287.25	5.72582e-07
287.34	6.25329e-07
287.39	8.26496e-07
287.59	7.81877e-07
287.68	9.84118e-07
287.76	1.33551e-06
287.81	1.98573e-06
287.86	3.18398e-06
287.9	5.47922e-06
287.93	1.05172e-05
287.95	1.75493e-05
287.98	2.41305e-05
288.01	2.11868e-05
288.03	1.7048e-05
288.05	1.276e-05
288.08	9.61876e-06
288.1	7.57504e-06
288.12	7.07694e-06
288.15	7.67516e-06
288.17	7.87455e-06
288.23	7.37621e-06
288.27	7.47623e-06
288.32	7.22735e-06
288.36	7.57594e-06
288.39	8.02434e-06
288.43	6.72996e-06
288.49	4.53991e-06
288.53	3.64461e-06
288.55	3.54547e-06
288.6	4.09361e-06
288.65	5.68637e-06
288.68	6.33357e-06
288.76	4.84206e-06
288.81	4.09681e-06
288.83	3.79896e-06
288.88	2.95462e-06
288.94	2.11083e-06
289.01	1.81431e-06
289.08	2.0644e-06
289.12	2.26407e-06
289.2	1.96762e-06
289.26	1.77044e-06
289.33	2.02016e-06
289.36	2.66621e-06
289.41	4.99944e-06
289.44	5.84337e-06
289.49	4.30605e-06
289.52	3.06632e-06
289.56	2.67036e-06
289.58	2.96834e-06
289.64	3.86188e-06
289.68	3.36696e-06
289.71	2.57442e-06
289.75	2.32736e-06
289.79	2.67508e-06
289.84	3.51841e-06
289.89	3.51934e-06
289.93	4.1143e-06
289.96	4.412e-06
290.03	3.37332e-06
290.11	2.38441e-06
290.15	2.18757e-06
290.18	2.38605e-06
290.22	3.12924e-06
290.26	3.17933e-06
290.29	3.08088e-06
290.34	3.57668e-06
290.37	3.72558e-06
290.48	2.83755e-06
290.54	2.59162e-06
290.63	3.03807e-06
290.71	2.94079e-06
290.76	3.09021e-06
290.85	2.89424e-06
291.03	2.89789e-06
291.26	2.85292e-06
291.5	2.80842e-06
292.23	2.59697e-06
293.66	2.4153e-06
295.9	2.24484e-06
297.76	2.15578e-06
300.25	2.12404e-06
302.24	2.09613e-06
303.42	2.05859e-06
304.79	1.93101e-06
306.28	1.81875e-06
308.21	1.77892e-06
309.08	1.73031e-06
311.2	1.705e-06
312.75	1.62479e-06
315.8	1.55315e-06
319.34	1.46664e-06
324.51	1.31996e-06
329.61	1.20559e-06
334.95	1.09404e-06
340	1.01203e-06
350	9.21169e-07
400	5.90696e-07
450	3.93602e-07
500	2.7096e-07
600	1.39093e-07
700	7.76605e-08
800	4.62593e-08
900	2.89937e-08
1000	1.89332e-08
2000	1.49444e-09
2250	9.37534e-10
2500	6.16542e-10
2750	4.2132e-10
3000	2.97224e-10
3500	1.59709e-10
4000	9.29433e-11
4500	5.75019e-11
5000	3.73393e-11
6000	1.75891e-11
7000	9.24792e-12
8000	5.26948e-12
9000	3.19202e-12
10000	1.93602e-12
12500	7.49996e-13
15000	3.45606e-13
17500	1.79492e-13
20000	1.01772e-13
22500	6.1695e-14
25000	3.94278e-14
27500	2.6244e-14
30000	1.80399e-14
35000	9.28189e-15
40000	5.21963e-15
45000	3.14133e-15
50000	1.99477e-15
60000	9.09011e-16
70000	4.67682e-16
80000	2.63112e-16
90000	1.58542e-16
100000	1.00823e-16
