0.909091	0.000576876
1.81818	0.000580591
2.72727	0.000586938
3.63636	0.000596235
4.54545	0.000608923
5.45455	0.000625735
6.36364	0.000647773
7.27273	0.000676957
8.18182	0.000716787
9.09091	0.000774829
10	0.000873253
10.9091	0.00116114
11.8182	0.000841258
12.7273	0.000569533
13.6364	0.00117965
14.5455	0.000887063
15.4545	0.000831037
16.3636	0.000738373
17.2727	0.000647837
18.1818	0.000556198
19.0909	0.000475176
20	0.000391461
20.9091	0.000313155
21.8182	0.000241449
22.7273	0.000150228
23.6364	8.13124E-005
24.5455	1.82572E-005
25.4545	-5.82496E-005
26.3636	-0.000175524
27.2727	-0.000177557
28.1818	-0.000241581
29.0909	-0.000288731
30	-0.000335628
30.9091	-0.000324147
31.8182	-0.000337731
32.7273	-0.000360477
33.6364	-0.000356312
34.5455	-0.000348488
35.4545	-0.000339761
36.3636	-0.000334567
37.2727	-0.000309937
38.1818	-0.00029009
39.0909	-0.000262223
40	-0.000240596
40.9091	-0.00021511
41.8182	-0.000196668
42.7273	-0.000176402
43.6364	-0.000155781
44.5455	-0.000139387
45.4545	-0.000124549
46.3636	-0.000109659
47.2727	-9.77041E-005
48.1818	-8.65158E-005
49.0909	-7.69364E-005
50	-6.80616E-005
50.9091	-5.98024E-005
51.8182	-5.29342E-005
52.7273	-0.000046389
53.6364	-4.05443E-005
54.5455	-3.53749E-005
55.4545	-3.08128E-005
56.3636	-0.000026679
57.2727	0.000118219
58.1818	-1.93737E-005
59.0909	-1.60648E-005
60	-1.27064E-005
60.9091	-9.66806E-006
61.8182	-7.25434E-006
62.7273	-4.98067E-006
63.6364	-2.78255E-006
64.5455	-9.50736E-007
65.4545	6.86328E-007
66.3636	2.37694E-006
67.2727	3.79147E-006
68.1818	5.31477E-006
69.0909	0.00000638
70	7.3895E-006
70.9091	0.000008663
71.8182	9.68077E-006
72.7273	1.04233E-005
73.6364	0.000011282
74.5455	1.22743E-005
75.4545	1.27883E-005
76.3636	1.35025E-005
77.2727	1.40108E-005
78.1818	1.45252E-005
79.0909	1.48755E-005
80	0.000015417
80.9091	0.000016036
81.8182	1.62698E-005
82.7273	0.000016607
83.6364	1.71738E-005
84.5455	1.73135E-005
85.4545	1.76439E-005
86.3636	0.000018193
87.2727	1.85712E-005
88.1818	1.88866E-005
89.0909	1.89773E-005
90	1.91546E-005
90.9091	1.95845E-005
91.8182	1.99353E-005
92.7273	2.00644E-005
93.6364	2.02333E-005
94.5455	0.000020727
95.4545	2.09328E-005
96.3636	2.09181E-005
97.2727	2.06749E-005
98.1818	0.000021344
99.0909	2.17936E-005
100	2.19261E-005
100.909	2.22248E-005
101.818	2.23816E-005
102.727	2.23766E-005
103.636	2.23058E-005
104.545	2.22958E-005
105.455	2.25093E-005
106.364	2.29093E-005
107.273	2.32317E-005
108.182	0.000023387
109.091	2.35048E-005
110	2.36776E-005
110.909	2.38314E-005
111.818	0.000023894
112.727	2.39616E-005
113.636	2.41781E-005
114.545	2.44808E-005
115.455	2.46714E-005
116.364	2.47461E-005
117.273	2.48946E-005
118.182	2.51525E-005
119.091	2.53046E-005
120	2.52517E-005
120.909	0.00002523
121.818	2.54621E-005
122.727	2.57907E-005
123.636	2.59266E-005
124.545	2.59177E-005
125.455	2.60223E-005
126.364	2.62629E-005
127.273	2.64326E-005
128.182	2.64711E-005
129.091	2.65504E-005
130	2.67683E-005
130.909	2.69856E-005
131.818	2.70625E-005
132.727	2.70909E-005
133.636	2.72446E-005
134.545	2.75203E-005
135.455	2.78022E-005
136.364	2.80351E-005
137.273	2.82072E-005
138.182	2.83306E-005
139.091	2.84517E-005
140	2.85951E-005
140.909	2.87269E-005
141.818	2.88228E-005
142.727	2.89542E-005
143.636	2.92115E-005
144.545	2.95175E-005
145.455	2.96819E-005
146.364	2.97115E-005
147.273	2.98139E-005
148.182	3.00547E-005
149.091	3.02808E-005
150	3.04051E-005
150.909	3.05546E-005
151.818	3.08579E-005
152.727	3.12342E-005
153.636	0.000031522
154.545	3.16842E-005
155.455	3.17563E-005
156.364	3.17834E-005
157.273	3.18313E-005
158.182	3.19617E-005
159.091	3.22508E-005
160	3.26942E-005
160.909	3.31057E-005
161.818	3.33092E-005
162.727	3.33388E-005
163.636	3.33336E-005
164.545	3.34359E-005
165.455	3.38081E-005
166.364	3.43658E-005
167.273	3.47511E-005
168.182	3.48648E-005
169.091	3.49968E-005
170	3.53211E-005
170.909	3.56315E-005
171.818	3.57157E-005
172.727	0.00003571
173.636	3.58794E-005
174.545	0.000036244
175.455	3.66687E-005
176.364	3.70452E-005
177.273	3.72565E-005
178.182	0.000037295
179.091	3.73083E-005
180	0.000037418
180.909	3.77686E-005
181.818	3.83268E-005
182.727	3.88783E-005
183.636	3.91344E-005
184.545	3.92341E-005
185.455	3.95988E-005
186.364	4.02046E-005
187.273	4.05746E-005
188.182	4.05738E-005
189.091	4.05942E-005
190	4.09169E-005
190.909	4.14478E-005
191.818	4.20017E-005
192.727	4.24596E-005
193.636	4.27451E-005
194.545	4.29498E-005
195.455	4.32889E-005
196.364	4.37895E-005
197.273	4.42994E-005
198.182	4.47231E-005
199.091	4.50339E-005
200	4.52725E-005
200.909	4.56151E-005
201.818	4.61862E-005
202.727	4.68023E-005
203.636	4.71786E-005
204.545	0.000047384
205.455	0.000047719
206.364	4.82458E-005
207.273	4.88135E-005
208.182	4.93358E-005
209.091	4.97516E-005
210	5.01493E-005
210.909	5.06811E-005
211.818	5.14582E-005
212.727	5.23031E-005
213.636	5.29374E-005
214.545	5.33889E-005
215.455	5.38842E-005
216.364	5.45138E-005
217.273	5.52545E-005
218.182	5.60364E-005
219.091	5.67029E-005
220	5.72068E-005
220.909	5.77657E-005
221.818	0.000058597
222.727	5.96618E-005
223.636	6.07959E-005
224.545	6.18467E-005
225.455	6.26471E-005
226.364	6.32822E-005
227.273	0.00006411
228.182	6.52751E-005
229.091	6.66024E-005
230	0.000067959
230.909	6.93918E-005
231.818	7.09418E-005
232.727	7.24448E-005
233.636	7.36998E-005
234.545	7.48891E-005
235.455	7.65018E-005
236.364	7.86078E-005
237.273	8.09529E-005
238.182	8.34949E-005
239.091	8.64689E-005
240	8.99022E-005
240.909	9.32525E-005
241.818	9.79043E-005
242.727	0.000103563
243.636	0.000112332
244.545	0.000116519
245.455	0.000119192
246.364	0.000143046
247.273	0.000142933
248.182	0.000144614
249.091	0.000146314
250	0.000134352
250.909	0.000122217
251.818	0.000109511
252.727	9.85519E-005
253.636	8.88315E-005
254.545	8.14804E-005
255.455	0.000076558
256.364	7.11186E-005
257.273	6.83275E-005
258.182	6.54331E-005
259.091	6.18434E-005
260	6.03241E-005
260.909	5.89814E-005
261.818	5.64221E-005
262.727	5.52569E-005
263.636	5.43125E-005
264.545	5.27699E-005
265.455	5.07028E-005
266.364	4.93723E-005
267.273	4.71688E-005
268.182	4.41798E-005
269.091	4.09609E-005
270	3.98051E-005
270.909	3.89526E-005
271.818	3.94662E-005
272.727	3.88886E-005
273.636	3.86007E-005
274.545	3.76218E-005
275.455	3.71027E-005
276.364	3.66985E-005
277.273	3.53792E-005
278.182	3.57795E-005
279.091	0.000035738
280	0.000034403
280.909	0.000034596
281.818	3.38682E-005
282.727	3.36003E-005
283.636	3.35057E-005
284.545	3.23306E-005
285.455	3.23288E-005
286.364	3.14521E-005
287.273	0.000031071
288.182	0.000030665
289.091	0.000029799
290	0.000029019
290.909	2.87378E-005
291.818	2.83513E-005
292.727	2.76748E-005
293.636	0.000027374
294.545	2.69722E-005
295.455	2.71867E-005
296.364	2.63598E-005
297.273	2.57172E-005
298.182	2.49796E-005
299.091	2.47859E-005
300	2.49951E-005
300.909	2.42627E-005
301.818	2.31111E-005
302.727	2.29496E-005
303.636	2.31324E-005
304.545	2.28593E-005
305.455	2.24135E-005
306.364	2.23171E-005
307.273	0.000021422
308.182	2.09907E-005
309.091	0.00002129
310	2.12484E-005
310.909	2.07624E-005
311.818	2.04166E-005
312.727	2.03301E-005
313.636	1.99166E-005
314.545	1.88697E-005
315.455	0.000019019
316.364	1.96499E-005
317.273	1.94464E-005
318.182	1.88956E-005
319.091	1.92441E-005
320	1.94032E-005
320.909	1.91699E-005
321.818	1.96952E-005
322.727	2.00591E-005
323.636	1.92231E-005
324.545	1.82583E-005
325.455	1.65056E-005
326.364	1.47368E-005
327.273	1.48939E-005
328.182	1.31256E-005
329.091	1.21688E-005
330	1.15695E-005
330.909	1.03408E-005
331.818	1.05475E-005
332.727	1.08086E-005
333.636	9.57184E-006
334.545	9.08407E-006
335.455	8.24673E-006
336.364	7.91925E-006
337.273	0.00000736
338.182	7.89314E-006
339.091	7.90259E-006
340	7.01488E-006
340.909	6.66436E-006
341.818	0.000006127
342.727	5.58128E-006
343.636	5.76607E-006
344.545	4.40578E-006
345.455	5.73716E-006
346.364	4.75428E-006
347.273	4.17214E-006
348.182	5.22043E-006
349.091	4.57751E-006
350	3.30567E-006
350.909	3.0254E-006
351.818	0.000002862
352.727	2.61658E-006
353.636	2.29556E-006
354.545	1.92871E-006
355.455	1.57538E-006
356.364	1.26994E-006
357.273	1.03305E-006
358.182	9.13499E-007
359.091	1.03864E-006
360	1.37764E-006
360.909	1.50121E-006
361.818	1.07005E-006
362.727	4.47541E-007
363.636	2.25799E-007
364.545	2.39748E-007
365.455	-1.55578E-007
366.364	-9.0107E-007
367.273	-1.21246E-006
368.182	-8.63455E-007
369.091	-4.7728E-007
370	-5.32422E-007
370.909	-0.000000977
371.818	-1.58707E-006
372.727	-2.09879E-006
373.636	-2.26081E-006
374.545	-2.21247E-006
375.455	-2.36125E-006
376.364	-2.71745E-006
377.273	-2.89629E-006
378.182	-2.81153E-006
379.091	-2.85578E-006
380	-3.23991E-006
380.909	-0.000003624
381.818	-3.67653E-006
382.727	-3.65189E-006
383.636	-0.000003996
384.545	-4.59933E-006
385.455	-4.98233E-006
386.364	-0.000004947
387.273	-4.51332E-006
388.182	-3.92459E-006
389.091	-3.83217E-006
390	-4.51179E-006
390.909	-5.32389E-006
391.818	-5.60806E-006
392.727	-5.58428E-006
393.636	-5.7765E-006
394.545	-6.04724E-006
395.455	-5.85423E-006
396.364	-5.30109E-006
397.273	-5.17305E-006
398.182	-5.77957E-006
399.091	-6.76151E-006
400	-7.66063E-006
400.909	-7.93435E-006
401.818	-7.29515E-006
402.727	-6.38024E-006
403.636	-6.16569E-006
404.545	-6.67705E-006
405.455	-7.32535E-006
406.364	-7.74145E-006
407.273	-7.65549E-006
408.182	-7.14562E-006
409.091	-6.82854E-006
410	-7.06765E-006
410.909	-7.54829E-006
411.818	-7.86446E-006
412.727	-8.0006E-006
413.636	-0.000008093
414.545	-8.17628E-006
415.455	-0.000008241
416.364	-8.33665E-006
417.273	-8.5885E-006
418.182	-8.89973E-006
419.091	-8.7678E-006
420	-8.05314E-006
420.909	-7.55694E-006
421.818	-8.00258E-006
422.727	-8.91515E-006
423.636	-0.000009357
424.545	-9.18024E-006
425.455	-8.7259E-006
426.364	-8.38168E-006
427.273	-8.70776E-006
428.182	-9.69248E-006
429.091	-1.04357E-005
430	-1.04051E-005
430.909	-1.01165E-005
431.818	-1.01536E-005
432.727	-1.02837E-005
433.636	-9.84891E-006
434.545	-9.13714E-006
435.455	-8.76305E-006
436.364	-8.99978E-006
437.273	-0.000009823
438.182	-1.09377E-005
439.091	-1.15703E-005
440	-1.13388E-005
440.909	-0.000010864
441.818	-1.08208E-005
442.727	-1.10906E-005
443.636	-1.12372E-005
444.545	-1.12489E-005
445.455	-1.13543E-005
446.364	-0.000011521
447.273	-1.14434E-005
448.182	-1.10653E-005
449.091	-1.07229E-005
450	-1.06231E-005
450.909	-1.05674E-005
451.818	-1.03631E-005
452.727	-1.02539E-005
453.636	-1.06051E-005
454.545	-1.12376E-005
455.455	-1.16056E-005
456.364	-0.000011616
457.273	-1.16022E-005
458.182	-1.17004E-005
459.091	-1.17324E-005
460	-0.000011621
460.909	-1.16278E-005
461.818	-1.20001E-005
462.727	-1.26171E-005
463.636	-0.000013186
464.545	-1.34908E-005
465.455	-1.33432E-005
466.364	-1.29035E-005
467.273	-1.27349E-005
468.182	-1.29624E-005
469.091	-1.30343E-005
470	-1.26708E-005
470.909	-1.24179E-005
471.818	-1.27878E-005
472.727	-1.33295E-005
473.636	-1.32941E-005
474.545	-0.000012966
475.455	-1.32941E-005
476.364	-1.41989E-005
477.273	-1.45428E-005
478.182	-1.39621E-005
479.091	-1.32615E-005
480	-1.30851E-005
480.909	-1.34273E-005
481.818	-1.40383E-005
482.727	-1.45016E-005
483.636	-1.43824E-005
484.545	-1.39022E-005
485.455	-1.37368E-005
486.364	-1.40132E-005
487.273	-1.43481E-005
488.182	-1.45939E-005
489.091	-1.49943E-005
490	-1.55974E-005
490.909	-1.58448E-005
491.818	-0.000015299
492.727	-1.45171E-005
493.636	-1.44103E-005
494.545	-1.49603E-005
495.455	-1.55535E-005
496.364	-1.59223E-005
497.273	-1.60629E-005
498.182	-1.60301E-005
499.091	-1.59519E-005
500	-0.00001592
500.909	-1.59277E-005
501.818	-1.59456E-005
502.727	-1.59688E-005
503.636	-1.59948E-005
504.545	-0.000016022
505.455	-1.60497E-005
506.364	-1.60779E-005
507.273	-1.61054E-005
508.182	-1.61324E-005
509.091	-1.61584E-005
510	-1.61841E-005
510.909	-0.000016209
511.818	-1.62331E-005
512.727	-1.62564E-005
513.636	-1.62788E-005
514.545	-1.63007E-005
515.455	-1.63215E-005
516.364	-1.63414E-005
517.273	-1.63604E-005
518.182	-1.63786E-005
519.091	-0.000016396
520	-1.64127E-005
520.909	-1.64285E-005
521.818	-1.64435E-005
522.727	-1.64578E-005
523.636	-1.64714E-005
524.545	-1.64842E-005
525.455	-1.64963E-005
526.364	-1.65077E-005
527.273	-1.65186E-005
528.182	-1.65287E-005
529.091	-1.65381E-005
530	-1.65468E-005
530.909	-1.65549E-005
531.818	-1.65624E-005
532.727	-1.65693E-005
533.636	-1.65756E-005
534.545	-0.000016581
535.455	-1.65861E-005
536.364	-1.65907E-005
537.273	-1.65947E-005
538.182	-1.65985E-005
539.091	-1.66015E-005
540	-0.000016604
540.909	-0.000016606
541.818	-1.66075E-005
542.727	-1.66085E-005
543.636	-0.000016609
544.545	-1.66091E-005
545.455	-1.66087E-005
546.364	-1.66079E-005
547.273	-1.66067E-005
548.182	-0.000016605
549.091	-1.66029E-005
550	-1.66004E-005
550.909	-1.65979E-005
551.818	-1.65946E-005
552.727	-1.65909E-005
553.636	-1.65869E-005
554.545	-1.65822E-005
555.455	-1.65774E-005
556.364	-1.65723E-005
557.273	-1.65668E-005
558.182	-1.65613E-005
559.091	-1.65552E-005
560	-1.65487E-005
560.909	-1.65419E-005
561.818	-1.65345E-005
562.727	-1.65274E-005
563.636	-1.65197E-005
564.545	-1.65117E-005
565.455	-1.65035E-005
566.364	-1.64949E-005
567.273	-0.000016486
568.182	-1.64769E-005
569.091	-1.64669E-005
570	-1.64579E-005
570.909	-0.000016448
571.818	-1.64372E-005
572.727	-1.64268E-005
573.636	-1.64162E-005
574.545	-1.64053E-005
575.455	-1.63942E-005
576.364	-1.63828E-005
577.273	-1.63713E-005
578.182	-1.63595E-005
579.091	-1.63475E-005
580	-1.63353E-005
580.909	-1.63229E-005
581.818	-1.63102E-005
582.727	-1.62974E-005
583.636	-0.000016285
584.545	-1.62718E-005
585.455	-1.62576E-005
586.364	-1.62441E-005
587.273	-1.62303E-005
588.182	-1.62164E-005
589.091	-1.62023E-005
590	-0.000016188
590.909	-1.61742E-005
591.818	-1.61596E-005
592.727	-1.61441E-005
593.636	-1.61292E-005
594.545	-1.61141E-005
595.455	-1.60995E-005
596.364	-1.60841E-005
597.273	-1.60686E-005
598.182	-0.000016053
599.091	-1.60372E-005
600	-1.60213E-005
600.909	-1.60052E-005
601.818	-0.000015989
602.727	-1.59723E-005
603.636	-1.59558E-005
604.545	-1.59393E-005
605.455	-1.59226E-005
606.364	-1.59058E-005
607.273	-1.58889E-005
608.182	-1.58718E-005
609.091	-1.58547E-005
610	-1.58381E-005
610.909	-1.58207E-005
611.818	-1.58033E-005
612.727	-1.57857E-005
613.636	-1.57681E-005
614.545	-1.57503E-005
615.455	-1.57325E-005
616.364	-1.57146E-005
617.273	-1.56965E-005
618.182	-1.56784E-005
619.091	-1.56602E-005
620	-0.000015642
620.909	-1.56236E-005
621.818	-1.56052E-005
622.727	-1.55866E-005
623.636	-0.000015568
624.545	-1.55494E-005
625.455	-1.55306E-005
626.364	-1.55118E-005
627.273	-1.54923E-005
628.182	-1.54734E-005
629.091	-1.54544E-005
630	-1.54353E-005
630.909	-1.54161E-005
631.818	-1.53969E-005
632.727	-1.53776E-005
633.636	-1.53583E-005
634.545	-1.53389E-005
635.455	-1.53195E-005
636.364	-0.0000153
637.273	-1.52804E-005
638.182	-1.52608E-005
639.091	-1.52412E-005
640	-1.52214E-005
640.909	-1.52017E-005
641.818	-1.51819E-005
642.727	-1.51621E-005
643.636	-1.51422E-005
644.545	-1.51222E-005
645.455	-1.51023E-005
646.364	-1.50822E-005
647.273	-1.50622E-005
648.182	-1.50421E-005
649.091	-0.000015022
650	-1.50018E-005
650.909	-1.49816E-005
651.818	-1.49614E-005
652.727	-1.49411E-005
653.636	-1.49208E-005
654.545	-1.49005E-005
655.455	-1.48802E-005
656.364	-1.48598E-005
657.273	-1.48394E-005
658.182	-1.48189E-005
659.091	-1.47985E-005
660	-0.000014778
660.909	-1.47575E-005
661.818	-0.000014737
662.727	-1.47164E-005
663.636	-1.46958E-005
664.545	-1.46752E-005
665.455	-1.46546E-005
666.364	-0.000014634
667.273	-1.46134E-005
668.182	-1.45927E-005
669.091	-0.000014572
670	-1.45513E-005
670.909	-1.45306E-005
671.818	-1.45099E-005
672.727	-1.44892E-005
673.636	-1.44684E-005
674.545	-1.44477E-005
675.455	-1.44269E-005
676.364	-1.44061E-005
677.273	-1.43853E-005
678.182	-1.43645E-005
679.091	-1.43437E-005
680	-1.43229E-005
680.909	-1.43021E-005
681.818	-1.42813E-005
682.727	-1.42605E-005
683.636	-1.42397E-005
684.545	-1.42188E-005
685.455	-0.000014198
686.364	-1.41772E-005
687.273	-1.41563E-005
688.182	-1.41355E-005
689.091	-1.41146E-005
690	-1.40938E-005
690.909	-0.000014073
691.818	-1.40521E-005
692.727	-1.40313E-005
693.636	-1.40105E-005
694.545	-1.39896E-005
695.455	-1.39688E-005
696.364	-0.000013948
697.273	-1.39272E-005
698.182	-1.39063E-005
699.091	-1.38855E-005
700	-1.38647E-005
700.909	-1.38439E-005
701.818	-1.38231E-005
702.727	-1.38023E-005
703.636	-1.37815E-005
704.545	-1.37608E-005
705.455	-0.00001374
706.364	-1.37193E-005
707.273	-1.36985E-005
708.182	-1.36778E-005
709.091	-0.000013657
710	-1.36363E-005
710.909	-1.36156E-005
711.818	-1.35949E-005
712.727	-1.35742E-005
713.636	-1.35536E-005
714.545	-1.35329E-005
715.455	-1.35122E-005
716.364	-1.34916E-005
717.273	-0.000013471
718.182	-1.34504E-005
719.091	-1.34298E-005
720	-1.34092E-005
720.909	-1.33886E-005
721.818	-1.33681E-005
722.727	-1.33475E-005
723.636	-0.000013327
724.545	-1.33065E-005
725.455	-0.000013286
726.364	-1.32656E-005
727.273	-1.32451E-005
728.182	-1.32247E-005
729.091	-1.32042E-005
730	-1.31832E-005
730.909	-1.31628E-005
731.818	-1.31425E-005
732.727	-1.31221E-005
733.636	-1.31018E-005
734.545	-1.30815E-005
735.455	-1.30612E-005
736.364	-1.30409E-005
737.273	-1.30207E-005
738.182	-1.30004E-005
739.091	-1.29802E-005
740	-0.00001296
740.909	-1.29398E-005
741.818	-1.29197E-005
742.727	-1.28995E-005
743.636	-1.28794E-005
744.545	-1.28593E-005
745.455	-1.28392E-005
746.364	-1.28192E-005
747.273	-1.27992E-005
748.182	-1.27792E-005
749.091	-1.27592E-005
750	-1.27392E-005
750.909	-1.27193E-005
751.818	-1.26994E-005
752.727	-1.26795E-005
753.636	-1.26596E-005
754.545	-1.26397E-005
755.455	-1.26199E-005
756.364	-1.26001E-005
757.273	-1.25803E-005
758.182	-1.25606E-005
759.091	-1.25409E-005
760	-1.25212E-005
760.909	-1.25015E-005
761.818	-1.24818E-005
762.727	-1.24622E-005
763.636	-1.24426E-005
764.545	-0.000012423
765.455	-1.24034E-005
766.364	-1.23839E-005
767.273	-1.23644E-005
768.182	-1.23449E-005
769.091	-1.23255E-005
770	-0.000012306
770.909	-1.22866E-005
771.818	-1.22673E-005
772.727	-1.22479E-005
773.636	-1.22286E-005
774.545	-1.22093E-005
775.455	-0.00001219
776.364	-1.21708E-005
777.273	-1.21515E-005
778.182	-1.21323E-005
779.091	-1.21132E-005
780	-0.000012094
780.909	-1.20749E-005
781.818	-1.20558E-005
782.727	-1.20368E-005
783.636	-1.20178E-005
784.545	-1.19987E-005
785.455	-1.19798E-005
786.364	-1.19608E-005
787.273	-1.19419E-005
788.182	-0.000011923
789.091	-1.19041E-005
790	-1.18853E-005
790.909	-1.18665E-005
791.818	-1.18477E-005
792.727	-0.000011829
793.636	-1.18102E-005
794.545	-1.17915E-005
795.455	-1.17729E-005
796.364	-1.17542E-005
797.273	-1.17356E-005
798.182	-0.000011717
799.091	-1.16985E-005
800	-1.16799E-005
800.909	-1.16614E-005
801.818	-1.16429E-005
802.727	-1.16245E-005
803.636	-1.16061E-005
804.545	-1.15877E-005
805.455	-1.15693E-005
806.364	-0.000011551
807.273	-1.15327E-005
808.182	-1.15144E-005
809.091	-1.14962E-005
810	-0.000011478
810.909	-1.14598E-005
811.818	-1.14416E-005
812.727	-1.14235E-005
813.636	-1.14054E-005
814.545	-1.13874E-005
815.455	-1.13693E-005
816.364	-1.13513E-005
817.273	-1.13333E-005
818.182	-1.13154E-005
819.091	-1.12974E-005
820	-1.12796E-005
820.909	-1.12617E-005
821.818	-1.12439E-005
822.727	-0.000011226
823.636	-1.12083E-005
824.545	-1.11905E-005
825.455	-1.11728E-005
826.364	-1.11551E-005
827.273	-1.11375E-005
828.182	-1.11198E-005
829.091	-1.11022E-005
830	-1.10847E-005
830.909	-1.10671E-005
831.818	-1.10496E-005
832.727	-1.10321E-005
833.636	-1.10147E-005
834.545	-1.09972E-005
835.455	-1.09798E-005
836.364	-1.09625E-005
837.273	-1.09451E-005
838.182	-1.09278E-005
839.091	-1.09106E-005
840	-1.08933E-005
840.909	-1.08761E-005
841.818	-1.08589E-005
842.727	-1.08418E-005
843.636	-1.08246E-005
844.545	-1.08075E-005
845.455	-1.07905E-005
846.364	-1.07734E-005
847.273	-1.07564E-005
848.182	-1.07394E-005
849.091	-1.07225E-005
850	-1.07056E-005
850.909	-1.06887E-005
851.818	-1.06716E-005
852.727	-1.06548E-005
853.636	-0.000010638
854.545	-1.06212E-005
855.455	-1.06044E-005
856.364	-1.05877E-005
857.273	-0.000010571
858.182	-1.05544E-005
859.091	-1.05377E-005
860	-1.05212E-005
860.909	-1.05046E-005
861.818	-0.000010488
862.727	-1.04715E-005
863.636	-1.04551E-005
864.545	-1.04386E-005
865.455	-1.04222E-005
866.364	-1.04058E-005
867.273	-1.03894E-005
868.182	-1.03731E-005
869.091	-1.03568E-005
870	-1.03405E-005
870.909	-1.03243E-005
871.818	-0.000010308
872.727	-1.02918E-005
873.636	-1.02757E-005
874.545	-1.02596E-005
875.455	-1.02434E-005
876.364	-1.02274E-005
877.273	-1.02113E-005
878.182	-1.01953E-005
879.091	-1.01793E-005
880	-1.01634E-005
880.909	-1.01474E-005
881.818	-1.01315E-005
882.727	-1.01157E-005
883.636	-1.00998E-005
884.545	-0.000010084
885.455	-1.00682E-005
886.364	-1.00525E-005
887.273	-1.00367E-005
888.182	-0.000010021
889.091	-1.00054E-005
890	-9.98973E-006
890.909	-9.97412E-006
891.818	-9.95853E-006
892.727	-0.000009943
893.636	-9.92745E-006
894.545	-0.000009912
895.455	-9.89648E-006
896.364	-0.000009881
897.273	-9.86562E-006
898.182	-9.85023E-006
899.091	-9.83487E-006
900	-9.81954E-006
900.909	-9.80424E-006
901.818	-0.000009789
902.727	-9.77372E-006
903.636	-9.75851E-006
904.545	-9.74332E-006
905.455	-9.72816E-006
906.364	-0.000009713
907.273	-9.69792E-006
908.182	-9.68284E-006
909.091	-9.66779E-006
910	-9.65277E-006
910.909	-9.63777E-006
911.818	-9.62281E-006
912.727	-9.60787E-006
913.636	-0.000009593
914.545	-9.57807E-006
915.455	-9.56322E-006
916.364	-9.54839E-006
917.273	-9.53359E-006
918.182	-9.51882E-006
919.091	-9.50407E-006
920	-9.48935E-006
920.909	-9.47466E-006
921.818	-0.00000946
922.727	-9.44536E-006
923.636	-9.43075E-006
924.545	-9.41617E-006
925.455	-9.40161E-006
926.364	-9.38709E-006
927.273	-9.37259E-006
928.182	-9.35811E-006
929.091	-9.34367E-006
930	-9.32925E-006
930.909	-9.31485E-006
931.818	-9.30049E-006
932.727	-9.28615E-006
933.636	-9.27184E-006
934.545	-9.25755E-006
935.455	-9.24329E-006
936.364	-9.22906E-006
937.273	-9.21485E-006
938.182	-9.20068E-006
939.091	-9.18652E-006
940	-9.1724E-006
940.909	-9.1583E-006
941.818	-9.14423E-006
942.727	-9.13018E-006
943.636	-9.11616E-006
944.545	-9.10216E-006
945.455	-9.0882E-006
946.364	-9.07425E-006
947.273	-9.06034E-006
948.182	-9.04645E-006
949.091	-9.03259E-006
950	-9.01875E-006
950.909	-9.00494E-006
951.818	-8.99115E-006
952.727	-8.97739E-006
953.636	-8.96366E-006
954.545	-0.00000895
955.455	-8.93627E-006
956.364	-8.92261E-006
957.273	-0.000008909
958.182	-8.89538E-006
959.091	-8.8818E-006
960	-8.86824E-006
960.909	-8.85471E-006
961.818	-8.84121E-006
962.727	-8.82773E-006
963.636	-8.81428E-006
964.545	-8.80085E-006
965.455	-8.78745E-006
966.364	-8.77408E-006
967.273	-8.76072E-006
968.182	-8.7474E-006
969.091	-8.7341E-006
970	-8.72082E-006
970.909	-8.70757E-006
971.818	-8.69434E-006
972.727	-8.68114E-006
973.636	-0.000008668
974.545	-8.65481E-006
975.455	-8.64169E-006
976.364	-8.62858E-006
977.273	-8.61551E-006
978.182	-8.60245E-006
979.091	-8.58943E-006
980	-8.57642E-006
980.909	-8.56344E-006
981.818	-8.55049E-006
982.727	-8.53756E-006
983.636	-8.52465E-006
984.545	-8.51177E-006
985.455	-8.49891E-006
986.364	-8.48608E-006
987.273	-8.47327E-006
988.182	-8.46048E-006
989.091	-8.44772E-006
990	-0.000008435
990.909	-8.42227E-006
991.818	-8.40958E-006
992.727	-8.39692E-006
993.636	-8.38428E-006
994.545	-8.37166E-006
995.455	-8.35906E-006
996.364	-8.34649E-006
997.273	-0.000008334
998.182	-8.32142E-006
999.091	-8.30892E-006
1000	-8.29645E-006
1000.91	-0.000008284
1001.82	-8.27157E-006
1002.73	-8.25916E-006
1003.64	-8.24678E-006
1004.55	-8.23442E-006
1005.45	-8.22208E-006
1006.36	-8.20977E-006
1007.27	-8.19748E-006
1008.18	-8.18522E-006
1009.09	-0.000008173
1010	-8.16075E-006
1010.91	-8.14856E-006
1011.82	-8.13638E-006
1012.73	-8.12423E-006
1013.64	-8.1121E-006
1014.55	-0.0000081
1015.45	-8.08791E-006
1016.36	-8.07585E-006
1017.27	-8.06381E-006
1018.18	-8.0518E-006
1019.09	-8.03981E-006
1020	-8.02784E-006
1020.91	-8.01589E-006
1021.82	-0.000008004
1022.73	-7.99206E-006
1023.64	-7.98018E-006
1024.55	-7.96832E-006
1025.45	-7.95649E-006
1026.36	-7.94467E-006
1027.27	-7.93288E-006
1028.18	-7.92111E-006
1029.09	-7.90936E-006
1030	-7.89764E-006
1030.91	-7.88593E-006
1031.82	-7.87425E-006
1032.73	-7.86259E-006
1033.64	-0.000007851
1034.55	-7.83934E-006
1035.45	-7.82774E-006
1036.36	-7.81617E-006
1037.27	-7.80462E-006
1038.18	-7.79309E-006
1039.09	-7.78158E-006
1040	-7.7701E-006
1040.91	-7.75863E-006
1041.82	-7.74719E-006
1042.73	-7.73577E-006
1043.64	-7.72437E-006
1044.55	-0.000007713
1045.45	-7.70163E-006
1046.36	-7.69029E-006
1047.27	-0.000007679
1048.18	-7.66768E-006
1049.09	-7.65641E-006
1050	-7.64515E-006
1050.91	-7.63392E-006
1051.82	-7.62271E-006
1052.73	-7.61152E-006
1053.64	-7.60035E-006
1054.55	-7.5892E-006
1055.45	-7.57808E-006
1056.36	-0.000007567
1057.27	-7.55588E-006
1058.18	-7.54482E-006
1059.09	-7.53377E-006
1060	-7.52275E-006
1060.91	-7.51175E-006
1061.82	-7.50076E-006
1062.73	-7.4898E-006
1063.64	-0.000007479
1064.55	-0.000007468
1065.45	-7.45714E-006
1066.36	-7.44626E-006
1067.27	-7.4354E-006
1068.18	-7.42456E-006
1069.09	-7.41374E-006
1070	-7.40293E-006
1070.91	-7.39215E-006
1071.82	-7.38139E-006
1072.73	-7.37065E-006
1073.64	-7.35993E-006
1074.55	-7.34923E-006
1075.45	-7.33855E-006
1076.36	-7.32788E-006
1077.27	-7.31724E-006
1078.18	-7.30662E-006
1079.09	-0.000007296
1080	-7.28543E-006
1080.91	-7.27487E-006
1081.82	-7.26432E-006
1082.73	-7.2538E-006
1083.64	-7.24329E-006
1084.55	-7.23281E-006
1085.45	-7.22234E-006
1086.36	-7.21174E-006
1087.27	-7.20131E-006
1088.18	-7.1909E-006
1089.09	-7.18051E-006
1090	-7.17014E-006
1090.91	-7.15979E-006
1091.82	-7.14946E-006
1092.73	-7.13914E-006
1093.64	-7.12885E-006
1094.55	-7.11857E-006
1095.45	-7.10832E-006
1096.36	-7.09808E-006
1097.27	-7.08786E-006
1098.18	-7.07766E-006
1099.09	-7.06748E-006
1100	-7.05731E-006
1100.91	-7.04717E-006
1101.82	-0.000007037
1102.73	-7.02694E-006
1103.64	-7.01685E-006
1104.55	-7.00678E-006
1105.45	-6.99673E-006
1106.36	-6.9867E-006
1107.27	-6.97668E-006
1108.18	-6.96668E-006
1109.09	-6.95671E-006
1110	-6.94675E-006
1110.91	-6.9368E-006
1111.82	-6.92688E-006
1112.73	-0.000006917
1113.64	-6.90709E-006
1114.55	-6.89722E-006
1115.45	-6.88737E-006
1116.36	-6.87754E-006
1117.27	-6.86772E-006
1118.18	-6.85792E-006
1119.09	-6.84814E-006
1120	-6.83838E-006
1120.91	-6.82864E-006
1121.82	-6.81891E-006
1122.73	-6.8092E-006
1123.64	-6.79951E-006
1124.55	-6.78984E-006
1125.45	-6.78018E-006
1126.36	-6.77055E-006
1127.27	-6.76092E-006
1128.18	-6.75132E-006
1129.09	-6.74174E-006
1130	-6.73217E-006
1130.91	-6.72262E-006
1131.82	-6.71308E-006
1132.73	-6.70357E-006
1133.64	-6.69407E-006
1134.55	-6.68459E-006
1135.45	-6.67512E-006
1136.36	-6.66567E-006
1137.27	-6.65624E-006
1138.18	-6.64683E-006
1139.09	-6.63743E-006
1140	-6.62805E-006
1140.91	-6.61869E-006
1141.82	-6.60935E-006
1142.73	-0.0000066
1143.64	-6.5907E-006
1144.55	-6.58141E-006
1145.45	-6.57213E-006
1146.36	-6.56287E-006
1147.27	-6.55362E-006
1148.18	-6.5444E-006
1149.09	-6.53518E-006
1150	-0.000006526
1150.91	-6.51681E-006
1151.82	-6.50765E-006
1152.73	-6.4985E-006
1153.64	-6.48937E-006
1154.55	-6.48026E-006
1155.45	-6.47116E-006
1156.36	-6.46208E-006
1157.27	-0.000006453
1158.18	-0.000006444
1159.09	-6.43494E-006
1160	-6.42593E-006
1160.91	-6.41693E-006
1161.82	-6.40794E-006
1162.73	-0.000006399
1163.64	-0.00000639
1164.55	-6.38109E-006
1165.45	-6.37217E-006
1166.36	-6.36327E-006
1167.27	-6.35438E-006
1168.18	-6.34551E-006
1169.09	-6.33665E-006
1170	-6.32781E-006
1170.91	-0.000006319
1171.82	-6.31018E-006
1172.73	-6.30139E-006
1173.64	-6.29261E-006
1174.55	-6.28385E-006
1175.45	-6.2751E-006
1176.36	-6.26637E-006
1177.27	-6.25766E-006
1178.18	-0.000006249
1179.09	-6.24028E-006
1180	-6.23161E-006
1180.91	-0.000006223
1181.82	-6.21432E-006
1182.73	-6.20569E-006
1183.64	-6.19709E-006
1184.55	-6.1885E-006
1185.45	-6.17992E-006
1186.36	-6.17136E-006
1187.27	-6.16281E-006
1188.18	-6.15428E-006
1189.09	-6.14576E-006
1190	-6.13726E-006
1190.91	-6.12878E-006
1191.82	-6.1203E-006
1192.73	-6.11185E-006
1193.64	-6.10341E-006
1194.55	-0.000006095
1195.45	-6.08657E-006
1196.36	-6.07817E-006
1197.27	-6.06979E-006
1198.18	-6.06142E-006
1199.09	-6.05307E-006
1200	-6.04473E-006
1200.91	-6.03641E-006
1201.82	-6.0281E-006
1202.73	-6.0198E-006
1203.64	-6.01153E-006
1204.55	-6.00326E-006
1205.45	-0.000005995
1206.36	-5.98677E-006
1207.27	-5.97855E-006
1208.18	-5.97034E-006
1209.09	-5.96215E-006
1210	-0.000005954
1210.91	-5.94581E-006
1211.82	-5.93766E-006
1212.73	-5.92952E-006
1213.64	-5.9214E-006
1214.55	-5.91329E-006
1215.45	-5.9052E-006
1216.36	-5.89712E-006
1217.27	-5.88905E-006
1218.18	-0.000005881
1219.09	-0.000005873
1220	-5.86494E-006
1220.91	-5.85693E-006
1221.82	-5.84894E-006
1222.73	-0.000005841
1223.64	-0.000005833
1224.55	-0.000005825
1225.45	-5.81709E-006
1226.36	-5.80917E-006
1227.27	-5.80126E-006
1228.18	-5.79336E-006
1229.09	-5.78547E-006
1230	-5.7776E-006
1230.91	-5.76974E-006
1231.82	-5.7619E-006
1232.73	-5.75407E-006
1233.64	-5.74625E-006
1234.55	-5.73845E-006
1235.45	-5.73065E-006
1236.36	-5.72288E-006
1237.27	-5.71511E-006
1238.18	-5.70736E-006
1239.09	-5.69963E-006
1240	-5.6919E-006
1240.91	-5.68419E-006
1241.82	-5.6765E-006
1242.73	-5.66881E-006
1243.64	-5.66114E-006
1244.55	-5.65349E-006
1245.45	-5.64584E-006
1246.36	-5.63821E-006
1247.27	-5.63059E-006
1248.18	-0.000005623
1249.09	-5.6154E-006
1250	-5.60782E-006
1250.91	-5.60025E-006
1251.82	-5.5927E-006
1252.73	-5.58516E-006
1253.64	-5.57763E-006
1254.55	-5.57012E-006
1255.45	-5.56261E-006
1256.36	-5.55513E-006
1257.27	-5.54765E-006
1258.18	-5.54019E-006
1259.09	-5.53274E-006
1260	-5.5253E-006
1260.91	-5.51787E-006
1261.82	-5.51046E-006
1262.73	-5.50306E-006
1263.64	-5.49567E-006
1264.55	-5.4883E-006
1265.45	-5.48094E-006
1266.36	-5.47359E-006
1267.27	-5.46625E-006
1268.18	-5.45892E-006
1269.09	-5.45161E-006
1270	-5.44431E-006
1270.91	-0.000005437
1271.82	-5.42975E-006
1272.73	-5.42248E-006
1273.64	-5.41523E-006
1274.55	-0.000005408
1275.45	-5.40077E-006
1276.36	-5.39355E-006
1277.27	-5.38635E-006
1278.18	-5.37916E-006
1279.09	-0.000005372
1280	-5.36482E-006
1280.91	-5.35767E-006
1281.82	-5.35052E-006
1282.73	-5.34339E-006
1283.64	-5.33628E-006
1284.55	-5.32917E-006
1285.45	-5.32208E-006
1286.36	-0.000005315
1287.27	-5.30793E-006
1288.18	-5.30087E-006
1289.09	-5.29382E-006
1290	-5.28679E-006
1290.91	-5.27976E-006
1291.82	-5.27275E-006
1292.73	-5.26575E-006
1293.64	-5.25877E-006
1294.55	-5.25179E-006
1295.45	-5.24483E-006
1296.36	-5.23787E-006
1297.27	-5.23093E-006
1298.18	-0.000005224
1299.09	-5.21709E-006
1300	-5.21018E-006
1300.91	-5.20329E-006
1301.82	-5.1964E-006
1302.73	-5.18953E-006
1303.64	-5.18267E-006
1304.55	-5.17582E-006
1305.45	-0.000005169
1306.36	-5.16216E-006
1307.27	-5.15534E-006
1308.18	-5.14854E-006
1309.09	-5.14175E-006
1310	-0.000005135
1310.91	-5.12819E-006
1311.82	-5.12144E-006
1312.73	-5.11469E-006
1313.64	-0.000005108
1314.55	-5.10123E-006
1315.45	-5.09451E-006
1316.36	-5.08781E-006
1317.27	-5.08112E-006
1318.18	-5.07444E-006
1319.09	-5.06777E-006
1320	-5.06111E-006
1320.91	-5.05446E-006
1321.82	-5.04782E-006
1322.73	-5.0412E-006
1323.64	-5.03458E-006
1324.55	-0.000005028
1325.45	-5.02138E-006
1326.36	-5.0148E-006
1327.27	-5.00823E-006
1328.18	-5.00167E-006
1329.09	-4.99512E-006
1330	-4.98858E-006
1330.91	-4.98205E-006
1331.82	-4.97553E-006
1332.73	-0.000004969
1333.64	-4.96252E-006
1334.55	-0.000004956
1335.45	-4.94956E-006
1336.36	-4.9431E-006
1337.27	-4.93664E-006
1338.18	-4.9302E-006
1339.09	-4.92376E-006
1340	-4.91734E-006
1340.91	-4.91093E-006
1341.82	-4.90453E-006
1342.73	-4.89813E-006
1343.64	-4.89175E-006
1344.55	-4.88538E-006
1345.45	-0.000004879
1346.36	-4.87267E-006
1347.27	-4.86633E-006
1348.18	-0.00000486
1349.09	-4.85368E-006
1350	-4.84737E-006
1350.91	-4.84107E-006
1351.82	-4.83478E-006
1352.73	-4.8285E-006
1353.64	-4.82223E-006
1354.55	-0.000004816
1355.45	-4.80973E-006
1356.36	-4.80349E-006
1357.27	-4.79726E-006
1358.18	-0.000004791
1359.09	-4.78483E-006
1360	-4.77863E-006
1360.91	-4.77245E-006
1361.82	-4.76627E-006
1362.73	-4.7601E-006
1363.64	-4.75394E-006
1364.55	-4.74779E-006
1365.45	-4.74165E-006
1366.36	-4.73552E-006
1367.27	-4.7294E-006
1368.18	-4.72329E-006
1369.09	-4.71719E-006
1370	-4.7111E-006
1370.91	-0.000004705
1371.82	-0.000004699
1372.73	-4.69289E-006
1373.64	-4.68684E-006
1374.55	-4.6808E-006
1375.45	-4.67477E-006
1376.36	-4.66875E-006
1377.27	-4.66273E-006
1378.18	-4.65673E-006
1379.09	-4.65074E-006
1380	-4.64475E-006
1380.91	-4.63878E-006
1381.82	-4.63281E-006
1382.73	-4.62686E-006
1383.64	-4.62091E-006
1384.55	-0.000004615
1385.45	-4.60905E-006
1386.36	-4.60313E-006
1387.27	-4.59722E-006
1388.18	-4.59132E-006
1389.09	-4.58543E-006
1390	-4.57955E-006
1390.91	-4.57368E-006
1391.82	-4.56782E-006
1392.73	-0.000004562
1393.64	-4.55612E-006
1394.55	-4.55029E-006
1395.45	-4.54446E-006
1396.36	-4.53865E-006
1397.27	-4.53294E-006
1398.18	-4.52714E-006
1399.09	-4.52135E-006
1400	-4.51558E-006
1400.91	-4.50981E-006
1401.82	-0.000004504
1402.73	-4.49829E-006
1403.64	-4.49255E-006
1404.55	-4.48681E-006
1405.45	-4.48109E-006
1406.36	-4.47537E-006
1407.27	-4.46967E-006
1408.18	-0.000004464
1409.09	-4.45828E-006
1410	-4.4526E-006
1410.91	-4.44693E-006
1411.82	-4.44126E-006
1412.73	-4.43561E-006
1413.64	-0.00000443
1414.55	-4.42433E-006
1415.45	-4.4187E-006
1416.36	-4.41308E-006
1417.27	-4.40747E-006
1418.18	-4.40187E-006
1419.09	-4.39628E-006
1420	-4.39069E-006
1420.91	-4.38512E-006
1421.82	-4.37955E-006
1422.73	-0.000004374
1423.64	-4.36844E-006
1424.55	-4.3629E-006
1425.45	-4.35737E-006
1426.36	-4.35185E-006
1427.27	-4.34633E-006
1428.18	-4.34083E-006
1429.09	-4.33533E-006
1430	-4.32984E-006
1430.91	-4.32436E-006
1431.82	-4.31888E-006
1432.73	-4.31342E-006
1433.64	-0.000004308
1434.55	-4.30252E-006
1435.45	-4.29708E-006
1436.36	-4.29165E-006
1437.27	-4.28622E-006
1438.18	-4.28081E-006
1439.09	-4.2754E-006
1440	-0.00000427
1440.91	-4.26462E-006
1441.82	-4.25924E-006
1442.73	-4.25386E-006
1443.64	-4.2485E-006
1444.55	-4.24314E-006
1445.45	-4.23779E-006
1446.36	-4.23245E-006
1447.27	-4.22712E-006
1448.18	-4.2218E-006
1449.09	-4.21648E-006
1450	-4.21118E-006
1450.91	-4.20588E-006
1451.82	-4.20059E-006
1452.73	-4.1953E-006
1453.64	-0.00000419
1454.55	-4.18476E-006
1455.45	-4.1795E-006
1456.36	-4.17425E-006
1457.27	-0.000004169
1458.18	-4.16377E-006
1459.09	-4.15854E-006
1460	-4.15332E-006
1460.91	-4.14811E-006
1461.82	-4.14291E-006
1462.73	-4.13771E-006
1463.64	-4.13252E-006
1464.55	-4.12734E-006
1465.45	-4.12217E-006
1466.36	-0.000004117
1467.27	-4.11185E-006
1468.18	-4.1067E-006
1469.09	-4.10156E-006
1470	-4.09643E-006
1470.91	-4.0913E-006
1471.82	-4.08618E-006
1472.73	-4.08107E-006
1473.64	-0.000004076
1474.55	-4.07088E-006
1475.45	-4.06579E-006
1476.36	-4.06071E-006
1477.27	-4.05564E-006
1478.18	-4.05057E-006
1479.09	-4.04552E-006
1480	-4.04047E-006
1480.91	-4.03542E-006
1481.82	-4.03039E-006
1482.73	-4.02536E-006
1483.64	-4.02034E-006
1484.55	-4.01533E-006
1485.45	-4.01033E-006
1486.36	-4.00533E-006
1487.27	-4.00034E-006
1488.18	-3.99536E-006
1489.09	-3.99039E-006
1490	-3.98542E-006
1490.91	-3.98046E-006
1491.82	-3.97551E-006
1492.73	-3.97056E-006
1493.64	-3.96562E-006
1494.55	-3.96069E-006
1495.45	-3.95577E-006
1496.36	-3.95086E-006
1497.27	-0.000003946
1498.18	-3.94105E-006
1499.09	-3.93615E-006
1500	-3.93126E-006
1500.91	-3.92639E-006
1501.82	-3.92151E-006
1502.73	-3.91665E-006
1503.64	-3.91179E-006
1504.55	-3.90694E-006
1505.45	-3.9021E-006
1506.36	-3.89726E-006
1507.27	-3.89243E-006
1508.18	-3.88761E-006
1509.09	-3.88279E-006
1510	-0.000003878
1510.91	-3.87318E-006
1511.82	-3.86839E-006
1512.73	-3.8636E-006
1513.64	-3.85882E-006
1514.55	-3.85405E-006
1515.45	-3.84928E-006
1516.36	-3.84452E-006
1517.27	-3.83977E-006
1518.18	-0.000003835
1519.09	-3.83029E-006
1520	-3.82556E-006
1520.91	-3.82083E-006
1521.82	-3.81611E-006
1522.73	-3.8114E-006
1523.64	-3.8067E-006
1524.55	-0.000003802
1525.45	-3.79731E-006
1526.36	-3.79263E-006
1527.27	-0.000003788
1528.18	-3.78328E-006
1529.09	-3.77862E-006
1530	-0.000003774
1530.91	-3.76931E-006
1531.82	-3.76467E-006
1532.73	-0.00000376
1533.64	-3.7554E-006
1534.55	-3.75078E-006
1535.45	-3.74617E-006
1536.36	-3.74156E-006
1537.27	-0.000003737
1538.18	-3.73236E-006
1539.09	-3.72777E-006
1540	-3.72318E-006
1540.91	-3.71861E-006
1541.82	-0.000003714
1542.73	-3.70948E-006
1543.64	-3.70492E-006
1544.55	-3.70037E-006
1545.45	-3.69583E-006
1546.36	-3.69129E-006
1547.27	-3.68676E-006
1548.18	-3.68223E-006
1549.09	-3.67772E-006
1550	-3.67321E-006
1550.91	-3.6687E-006
1551.82	-3.6642E-006
1552.73	-3.65971E-006
1553.64	-3.65523E-006
1554.55	-3.65075E-006
1555.45	-3.64627E-006
1556.36	-3.64181E-006
1557.27	-3.63735E-006
1558.18	-3.6329E-006
1559.09	-3.62845E-006
1560	-0.000003624
1560.91	-3.61957E-006
1561.82	-3.61514E-006
1562.73	-3.61072E-006
1563.64	-3.60631E-006
1564.55	-3.6019E-006
1565.45	-3.59749E-006
1566.36	-3.5931E-006
1567.27	-3.58871E-006
1568.18	-3.58432E-006
1569.09	-3.57994E-006
1570	-3.57557E-006
1570.91	-3.57121E-006
1571.82	-3.56685E-006
1572.73	-3.56249E-006
1573.64	-3.55815E-006
1574.55	-3.5538E-006
1575.45	-3.54947E-006
1576.36	-3.54514E-006
1577.27	-3.54082E-006
1578.18	-3.5365E-006
1579.09	-3.53219E-006
1580	-3.52788E-006
1580.91	-3.52358E-006
1581.82	-3.51929E-006
1582.73	-0.000003515
1583.64	-3.51072E-006
1584.55	-3.50645E-006
1585.45	-3.50218E-006
1586.36	-3.49792E-006
1587.27	-3.49366E-006
1588.18	-3.48941E-006
1589.09	-3.48516E-006
1590	-3.48092E-006
1590.91	-3.47669E-006
1591.82	-3.47246E-006
1592.73	-3.46824E-006
1593.64	-0.000003464
1594.55	-3.45982E-006
1595.45	-3.45561E-006
1596.36	-3.45142E-006
1597.27	-3.44722E-006
1598.18	-0.000003443
1599.09	-3.43886E-006
1600	-3.43468E-006
1600.91	-3.43051E-006
1601.82	-3.42635E-006
1602.73	-3.42219E-006
1603.64	-0.000003418
1604.55	-3.41389E-006
1605.45	-3.40975E-006
1606.36	-3.40562E-006
1607.27	-3.40149E-006
1608.18	-3.39737E-006
1609.09	-3.39325E-006
1610	-3.38914E-006
1610.91	-0.000003385
1611.82	-3.38093E-006
1612.73	-3.37683E-006
1613.64	-3.37274E-006
1614.55	-3.36866E-006
1615.45	-3.36458E-006
1616.36	-3.36051E-006
1617.27	-3.35644E-006
1618.18	-3.35238E-006
1619.09	-3.34832E-006
1620	-3.34427E-006
1620.91	-3.34023E-006
1621.82	-3.33619E-006
1622.73	-3.33216E-006
1623.64	-3.32813E-006
1624.55	-3.3241E-006
1625.45	-3.32009E-006
1626.36	-3.31607E-006
1627.27	-3.31207E-006
1628.18	-3.30807E-006
1629.09	-3.30407E-006
1630	-3.30008E-006
1630.91	-3.2961E-006
1631.82	-3.29212E-006
1632.73	-3.28814E-006
1633.64	-3.28417E-006
1634.55	-3.28021E-006
1635.45	-3.27625E-006
1636.36	-3.2723E-006
1637.27	-3.26835E-006
1638.18	-3.26441E-006
1639.09	-3.26047E-006
1640	-3.25654E-006
1640.91	-3.25262E-006
1641.82	-3.2487E-006
1642.73	-3.24478E-006
1643.64	-3.24087E-006
1644.55	-0.000003237
1645.45	-3.23307E-006
1646.36	-3.22917E-006
1647.27	-3.22528E-006
1648.18	-3.2214E-006
1649.09	-3.21752E-006
1650	-3.21364E-006
1650.91	-3.20978E-006
1651.82	-3.20591E-006
1652.73	-3.20205E-006
1653.64	-3.1982E-006
1654.55	-3.19435E-006
1655.45	-3.19051E-006
1656.36	-3.18667E-006
1657.27	-3.18284E-006
1658.18	-0.000003179
1659.09	-3.17519E-006
1660	-3.17137E-006
1660.91	-3.16756E-006
1661.82	-3.16375E-006
1662.73	-0.00000316
1663.64	-3.15615E-006
1664.55	-3.15236E-006
1665.45	-3.14858E-006
1666.36	-3.14479E-006
1667.27	-0.000003141
1668.18	-3.13724E-006
1669.09	-3.13348E-006
1670	-3.12972E-006
1670.91	-0.000003126
1671.82	-3.12221E-006
1672.73	-3.11846E-006
1673.64	-3.11472E-006
1674.55	-0.000003111
1675.45	-3.10725E-006
1676.36	-3.10352E-006
1677.27	-3.0998E-006
1678.18	-3.09608E-006
1679.09	-3.09237E-006
1680	-3.08866E-006
1680.91	-0.000003085
1681.82	-3.08126E-006
1682.73	-3.07756E-006
1683.64	-3.07387E-006
1684.55	-3.07019E-006
1685.45	-3.06651E-006
1686.36	-3.06284E-006
1687.27	-3.05917E-006
1688.18	-3.0555E-006
1689.09	-3.05184E-006
1690	-3.04819E-006
1690.91	-3.04454E-006
1691.82	-3.04089E-006
1692.73	-3.03725E-006
1693.64	-3.03361E-006
1694.55	-0.00000303
1695.45	-3.02636E-006
1696.36	-3.02273E-006
1697.27	-3.01912E-006
1698.18	-3.0155E-006
1699.09	-3.01189E-006
1700	-3.00829E-006
1700.91	-3.00469E-006
1701.82	-3.0011E-006
1702.73	-2.99751E-006
1703.64	-2.99392E-006
1704.55	-2.99034E-006
1705.45	-2.98677E-006
1706.36	-2.9832E-006
1707.27	-2.97963E-006
1708.18	-2.97607E-006
1709.09	-2.97251E-006
1710	-0.000002969
1710.91	-2.96541E-006
1711.82	-2.96187E-006
1712.73	-2.95833E-006
1713.64	-2.95479E-006
1714.55	-2.95126E-006
1715.45	-2.94774E-006
1716.36	-2.94422E-006
1717.27	-2.9407E-006
1718.18	-2.93719E-006
1719.09	-2.93368E-006
1720	-2.93018E-006
1720.91	-2.92668E-006
1721.82	-2.92318E-006
1722.73	-2.91969E-006
1723.64	-2.91621E-006
1724.55	-2.91273E-006
1725.45	-2.90925E-006
1726.36	-2.90578E-006
1727.27	-2.90231E-006
1728.18	-2.89885E-006
1729.09	-2.89539E-006
1730	-2.89193E-006
1730.91	-2.88848E-006
1731.82	-0.000002885
1732.73	-2.88159E-006
1733.64	-2.87816E-006
1734.55	-2.87472E-006
1735.45	-2.8713E-006
1736.36	-2.86787E-006
1737.27	-2.86445E-006
1738.18	-0.000002861
1739.09	-2.85762E-006
1740	-2.85422E-006
1740.91	-2.85081E-006
1741.82	-2.84742E-006
1742.73	-0.000002844
1743.64	-2.84063E-006
1744.55	-2.83724E-006
1745.45	-2.83386E-006
1746.36	-2.83049E-006
1747.27	-2.82711E-006
1748.18	-2.82374E-006
1749.09	-2.82038E-006
1750	-0.000002817
1750.91	-2.81366E-006
1751.82	-2.81031E-006
1752.73	-0.000002807
1753.64	-2.80362E-006
1754.55	-2.80028E-006
1755.45	-2.79694E-006
1756.36	-2.79361E-006
1757.27	-2.79028E-006
1758.18	-0.000002787
1759.09	-2.78364E-006
1760	-2.78032E-006
1760.91	-0.000002777
1761.82	-2.77371E-006
1762.73	-2.7704E-006
1763.64	-2.7671E-006
1764.55	-2.76381E-006
1765.45	-2.76052E-006
1766.36	-2.75723E-006
1767.27	-0.000002754
1768.18	-2.75067E-006
1769.09	-2.7474E-006
1770	-2.74413E-006
1770.91	-2.74086E-006
1771.82	-2.7376E-006
1772.73	-2.73434E-006
1773.64	-2.73108E-006
1774.55	-2.72783E-006
1775.45	-2.72459E-006
1776.36	-2.72134E-006
1777.27	-2.71811E-006
1778.18	-2.71487E-006
1779.09	-2.71164E-006
1780	-2.70841E-006
1780.91	-2.70519E-006
1781.82	-0.000002702
1782.73	-2.69876E-006
1783.64	-2.69554E-006
1784.55	-2.69234E-006
1785.45	-2.68913E-006
1786.36	-2.68593E-006
1787.27	-2.68274E-006
1788.18	-2.67955E-006
1789.09	-2.67636E-006
1790	-2.67317E-006
1790.91	-0.00000267
1791.82	-2.66682E-006
1792.73	-2.66364E-006
1793.64	-2.66047E-006
1794.55	-2.65731E-006
1795.45	-2.65415E-006
1796.36	-0.000002651
1797.27	-2.64784E-006
1798.18	-2.64469E-006
1799.09	-2.64154E-006
1800	-2.6384E-006
1800.91	-2.63526E-006
1801.82	-2.63213E-006
1802.73	-0.000002629
1803.64	-2.62587E-006
1804.55	-2.62274E-006
1805.45	-2.61962E-006
1806.36	-2.61651E-006
1807.27	-2.61339E-006
1808.18	-2.61029E-006
1809.09	-2.60718E-006
1810	-2.60408E-006
1810.91	-0.000002601
1811.82	-2.59789E-006
1812.73	-2.5948E-006
1813.64	-2.59171E-006
1814.55	-2.58863E-006
1815.45	-2.58555E-006
1816.36	-2.58247E-006
1817.27	-2.5794E-006
1818.18	-2.57633E-006
1819.09	-2.57327E-006
1820	-2.5702E-006
1820.91	-2.56715E-006
1821.82	-2.56409E-006
1822.73	-0.000002561
1823.64	-0.000002558
1824.55	-0.000002555
1825.45	-2.55191E-006
1826.36	-2.54888E-006
1827.27	-2.54584E-006
1828.18	-2.54281E-006
1829.09	-2.53979E-006
1830	-2.53677E-006
1830.91	-2.53375E-006
1831.82	-2.53073E-006
1832.73	-2.52772E-006
1833.64	-2.52471E-006
1834.55	-2.52171E-006
1835.45	-2.51871E-006
1836.36	-2.51571E-006
1837.27	-2.51272E-006
1838.18	-2.50973E-006
1839.09	-2.50674E-006
1840	-2.50376E-006
1840.91	-2.50078E-006
1841.82	-2.4978E-006
1842.73	-2.49483E-006
1843.64	-2.49186E-006
1844.55	-2.48889E-006
1845.45	-2.48593E-006
1846.36	-0.000002483
1847.27	-0.00000248
1848.18	-2.47706E-006
1849.09	-2.47411E-006
1850	-2.47116E-006
1850.91	-2.46822E-006
1851.82	-2.46528E-006
1852.73	-2.46234E-006
1853.64	-2.45941E-006
1854.55	-2.45648E-006
1855.45	-2.45356E-006
1856.36	-2.45063E-006
1857.27	-2.44772E-006
1858.18	-2.4448E-006
1859.09	-2.44189E-006
1860	-0.000002439
1860.91	-2.43607E-006
1861.82	-2.43317E-006
1862.73	-2.43027E-006
1863.64	-2.42737E-006
1864.55	-2.42448E-006
1865.45	-2.42159E-006
1866.36	-2.41871E-006
1867.27	-2.41582E-006
1868.18	-2.41294E-006
1869.09	-2.41007E-006
1870	-2.40719E-006
1870.91	-2.40432E-006
1871.82	-2.40146E-006
1872.73	-2.39859E-006
1873.64	-2.39573E-006
1874.55	-2.39288E-006
1875.45	-0.00000239
1876.36	-2.38717E-006
1877.27	-2.38433E-006
1878.18	-2.38148E-006
1879.09	-2.37864E-006
1880	-2.3758E-006
1880.91	-0.000002373
1881.82	-2.37014E-006
1882.73	-2.36731E-006
1883.64	-2.36448E-006
1884.55	-2.36166E-006
1885.45	-2.35884E-006
1886.36	-0.000002356
1887.27	-2.35321E-006
1888.18	-2.35041E-006
1889.09	-2.3476E-006
1890	-2.3448E-006
1890.91	-0.000002342
1891.82	-2.3392E-006
1892.73	-2.33641E-006
1893.64	-2.33361E-006
1894.55	-2.33083E-006
1895.45	-0.000002328
1896.36	-2.32526E-006
1897.27	-2.32248E-006
1898.18	-2.31971E-006
1899.09	-2.31693E-006
1900	-2.31416E-006
1900.91	-2.3114E-006
1901.82	-2.30864E-006
1902.73	-2.30588E-006
1903.64	-2.30312E-006
1904.55	-2.30036E-006
1905.45	-2.29761E-006
1906.36	-2.29486E-006
1907.27	-2.29212E-006
1908.18	-2.28938E-006
1909.09	-2.28664E-006
1910	-2.2839E-006
1910.91	-2.28117E-006
1911.82	-2.27844E-006
1912.73	-2.27571E-006
1913.64	-0.000002273
1914.55	-2.27027E-006
1915.45	-2.26755E-006
1916.36	-2.26483E-006
1917.27	-2.26212E-006
1918.18	-2.25941E-006
1919.09	-2.2567E-006
1920	-0.000002254
1920.91	-2.2513E-006
1921.82	-2.2486E-006
1922.73	-2.24591E-006
1923.64	-2.24321E-006
1924.55	-2.24052E-006
1925.45	-2.23784E-006
1926.36	-2.23516E-006
1927.27	-2.23247E-006
1928.18	-2.2298E-006
1929.09	-2.22712E-006
1930	-2.22445E-006
1930.91	-2.22178E-006
1931.82	-2.21911E-006
1932.73	-2.21645E-006
1933.64	-2.21379E-006
1934.55	-2.21113E-006
1935.45	-2.20848E-006
1936.36	-2.20583E-006
1937.27	-2.20318E-006
1938.18	-2.20053E-006
1939.09	-2.19789E-006
1940	-2.19525E-006
1940.91	-2.19261E-006
1941.82	-0.00000219
1942.73	-2.18734E-006
1943.64	-2.18471E-006
1944.55	-2.18208E-006
1945.45	-2.17946E-006
1946.36	-2.17684E-006
1947.27	-2.17422E-006
1948.18	-2.1716E-006
1949.09	-0.000002169
1950	-2.16638E-006
1950.91	-2.16377E-006
1951.82	-2.16117E-006
1952.73	-2.15857E-006
1953.64	-0.000002156
1954.55	-2.15337E-006
1955.45	-2.15086E-006
1956.36	-2.14827E-006
1957.27	-2.14568E-006
1958.18	-2.1431E-006
1959.09	-2.14051E-006
1960	-2.13793E-006
1960.91	-2.13535E-006
1961.82	-2.13278E-006
1962.73	-2.13021E-006
1963.64	-2.12764E-006
1964.55	-2.12507E-006
1965.45	-2.1225E-006
1966.36	-2.11994E-006
1967.27	-2.11738E-006
1968.18	-2.11483E-006
1969.09	-2.11227E-006
1970	-2.10972E-006
1970.91	-2.10717E-006
1971.82	-2.10463E-006
1972.73	-2.10208E-006
1973.64	-2.09954E-006
1974.55	-0.000002097
1975.45	-2.09447E-006
1976.36	-2.09193E-006
1977.27	-2.0894E-006
1978.18	-2.08688E-006
1979.09	-2.08435E-006
1980	-2.08183E-006
1980.91	-2.07931E-006
1981.82	-2.07679E-006
1982.73	-2.07427E-006
1983.64	-2.07176E-006
1984.55	-2.06925E-006
1985.45	-2.06674E-006
1986.36	-2.06424E-006
1987.27	-2.06174E-006
1988.18	-2.05924E-006
1989.09	-2.05674E-006
1990	-2.05424E-006
1990.91	-2.05175E-006
1991.82	-2.04926E-006
1992.73	-2.04677E-006
1993.64	-2.04429E-006
1994.55	-2.04181E-006
1995.45	-2.03933E-006
1996.36	-2.03685E-006
1997.27	-2.03437E-006
1998.18	-2.0319E-006
1999.09	-2.02943E-006
2000	-0.000002027
2000.91	-2.0245E-006
2001.82	-0.000002022
2002.73	-2.01958E-006
2003.64	-2.01712E-006
2004.55	-2.01466E-006
2005.45	-2.01221E-006
2006.36	-2.00976E-006
2007.27	-2.00731E-006
2008.18	-2.00487E-006
2009.09	-2.00242E-006
2010	-0.000002
2010.91	-1.99754E-006
2011.82	-1.99511E-006
2012.73	-1.99267E-006
2013.64	-1.99024E-006
2014.55	-1.98781E-006
2015.45	-1.98539E-006
2016.36	-0.000001983
2017.27	-1.98054E-006
2018.18	-1.97812E-006
2019.09	-1.9757E-006
2020	-1.97329E-006
2020.91	-1.97088E-006
2021.82	-1.96847E-006
2022.73	-1.96606E-006
2023.64	-1.96365E-006
2024.55	-1.96125E-006
2025.45	-1.95885E-006
2026.36	-1.95645E-006
2027.27	-1.95406E-006
2028.18	-1.95166E-006
2029.09	-1.94927E-006
2030	-1.94688E-006
2030.91	-1.9445E-006
2031.82	-1.94211E-006
2032.73	-1.93973E-006
2033.64	-1.93735E-006
2034.55	-0.000001935
2035.45	-1.9326E-006
2036.36	-1.93022E-006
2037.27	-1.92785E-006
2038.18	-1.92548E-006
2039.09	-1.92312E-006
2040	-1.92075E-006
2040.91	-1.91839E-006
2041.82	-0.000001916
2042.73	-1.91367E-006
2043.64	-1.91132E-006
2044.55	-0.000001909
2045.45	-1.90661E-006
2046.36	-1.90427E-006
2047.27	-1.90192E-006
2048.18	-1.89958E-006
2049.09	-1.89723E-006
2050	-1.89489E-006
2050.91	-1.89256E-006
2051.82	-1.89022E-006
2052.73	-1.88789E-006
2053.64	-1.88556E-006
2054.55	-1.88323E-006
2055.45	-1.8809E-006
2056.36	-1.87858E-006
2057.27	-1.87626E-006
2058.18	-1.87394E-006
2059.09	-1.87162E-006
2060	-1.8693E-006
2060.91	-0.000001867
2061.82	-1.86468E-006
2062.73	-1.86237E-006
2063.64	-1.86006E-006
2064.55	-1.85776E-006
2065.45	-1.85545E-006
2066.36	-1.85315E-006
2067.27	-1.85085E-006
2068.18	-1.84856E-006
2069.09	-1.84626E-006
2070	-0.000001844
2070.91	-1.84168E-006
2071.82	-1.83939E-006
2072.73	-1.83711E-006
2073.64	-1.83482E-006
2074.55	-1.83254E-006
2075.45	-1.83026E-006
2076.36	-0.000001828
2077.27	-1.82571E-006
2078.18	-1.82343E-006
2079.09	-8.62438E-007
2080	-1.81889E-006
2080.91	-1.81663E-006
2081.82	-1.81436E-006
2082.73	-1.8121E-006
2083.64	-1.80984E-006
2084.55	-1.80758E-006
2085.45	-1.80532E-006
2086.36	-1.80306E-006
2087.27	-1.80081E-006
2088.18	-1.79856E-006
2089.09	-1.79631E-006
2090	-1.79406E-006
2090.91	-1.79182E-006
2091.82	-1.78958E-006
2092.73	-1.78733E-006
2093.64	-1.7851E-006
2094.55	-1.78286E-006
2095.45	-1.78062E-006
2096.36	-1.77839E-006
2097.27	-1.77616E-006
2098.18	-1.77393E-006
2099.09	-1.7717E-006
2100	-1.76948E-006
2100.91	-1.76725E-006
2101.82	-0.000001765
2102.73	-1.76281E-006
2103.64	-1.7606E-006
2104.55	-1.75838E-006
2105.45	-1.75617E-006
2106.36	-0.000001754
2107.27	-1.75175E-006
2108.18	-1.74954E-006
2109.09	-1.74733E-006
2110	-1.74513E-006
2110.91	-1.74293E-006
2111.82	-1.74073E-006
2112.73	-1.73853E-006
2113.64	-1.73633E-006
2114.55	-1.73414E-006
2115.45	-1.73194E-006
2116.36	-1.72975E-006
2117.27	-1.72756E-006
2118.18	-1.72538E-006
2119.09	-1.72319E-006
2120	-0.000001721
2120.91	-1.71883E-006
2121.82	-1.71665E-006
2122.73	-1.71447E-006
2123.64	-1.7123E-006
2124.55	-1.71012E-006
2125.45	-0.000001708
2126.36	-1.70578E-006
2127.27	-1.70361E-006
2128.18	-1.70145E-006
2129.09	-1.69928E-006
2130	-1.69712E-006
2130.91	-0.000001695
2131.82	-1.6928E-006
2132.73	-1.69064E-006
2133.64	-1.68849E-006
2134.55	-1.68633E-006
2135.45	-1.68418E-006
2136.36	-0.000001682
2137.27	-1.67988E-006
2138.18	-1.67773E-006
2139.09	-1.67559E-006
2140	-1.67345E-006
2140.91	-1.67131E-006
2141.82	-1.66917E-006
2142.73	-0.000001667
2143.64	-1.66489E-006
2144.55	-1.66276E-006
2145.45	-1.66063E-006
2146.36	-1.6585E-006
2147.27	-1.65637E-006
2148.18	-1.65424E-006
2149.09	-1.65212E-006
2150	-0.00000165
2150.91	-1.64787E-006
2151.82	-1.64575E-006
2152.73	-1.64363E-006
2153.64	-1.64151E-006
2154.55	-1.6394E-006
2155.45	-1.63729E-006
2156.36	-1.63518E-006
2157.27	-1.63307E-006
2158.18	-0.000001631
2159.09	-1.62885E-006
2160	-1.62675E-006
2160.91	-1.62464E-006
2161.82	-1.62254E-006
2162.73	-1.62044E-006
2163.64	-1.61834E-006
2164.55	-1.61625E-006
2165.45	-1.61417E-006
2166.36	-1.61208E-006
2167.27	-0.00000161
2168.18	-1.6079E-006
2169.09	-1.60581E-006
2170	-1.60372E-006
2170.91	-1.60164E-006
2171.82	-1.59956E-006
2172.73	-1.59747E-006
2173.64	-1.59539E-006
2174.55	-1.59332E-006
2175.45	-1.59124E-006
2176.36	-1.58917E-006
2177.27	-1.58709E-006
2178.18	-0.000001585
2179.09	-0.000001583
2180	-1.58088E-006
2180.91	-1.57882E-006
2181.82	-1.57675E-006
2182.73	-1.57469E-006
2183.64	-1.57263E-006
2184.55	-1.57057E-006
2185.45	-1.56851E-006
2186.36	-1.56645E-006
2187.27	-1.56439E-006
2188.18	-1.56234E-006
2189.09	-1.56029E-006
2190	-1.55824E-006
2190.91	-1.55619E-006
2191.82	-1.55414E-006
2192.73	-1.55209E-006
2193.64	-1.55005E-006
2194.55	-0.000001548
2195.45	-0.000001546
2196.36	-1.54393E-006
2197.27	-1.54189E-006
2198.18	-1.53985E-006
2199.09	-1.53781E-006
2200	-1.53578E-006
2200.91	-1.53375E-006
2201.82	-1.53172E-006
2202.73	-1.52969E-006
2203.64	-1.52766E-006
2204.55	-1.52564E-006
2205.45	-1.52361E-006
2206.36	-1.52159E-006
2207.27	-1.51957E-006
2208.18	-1.51755E-006
2209.09	-1.51553E-006
2210	-1.51351E-006
2210.91	-1.51149E-006
2211.82	-1.50948E-006
2212.73	-1.50747E-006
2213.64	-1.50546E-006
2214.55	-1.50345E-006
2215.45	-1.50144E-006
2216.36	-1.49943E-006
2217.27	-1.49743E-006
2218.18	-1.49542E-006
2219.09	-1.49342E-006
2220	-1.49142E-006
2220.91	-1.48942E-006
2221.82	-1.48742E-006
2222.73	-1.48542E-006
2223.64	-1.48343E-006
2224.55	-1.48144E-006
2225.45	-1.47944E-006
2226.36	-1.47745E-006
2227.27	-1.47546E-006
2228.18	-1.47347E-006
2229.09	-1.47149E-006
2230	-1.4695E-006
2230.91	-1.46752E-006
2231.82	-1.46554E-006
2232.73	-1.46356E-006
2233.64	-1.46158E-006
2234.55	-1.4596E-006
2235.45	-1.45762E-006
2236.36	-1.45565E-006
2237.27	-1.45367E-006
2238.18	-1.4517E-006
2239.09	-1.44973E-006
2240	-1.44776E-006
2240.91	-1.44579E-006
2241.82	-1.44382E-006
2242.73	-1.44185E-006
2243.64	-1.43989E-006
2244.55	-1.43793E-006
2245.45	-0.000001436
2246.36	-0.000001434
2247.27	-1.43205E-006
2248.18	-1.43009E-006
2249.09	-1.42813E-006
2250	-1.42618E-006
2250.91	-1.42422E-006
2251.82	-1.42227E-006
2252.73	-1.42032E-006
2253.64	-1.41837E-006
2254.55	-1.41642E-006
2255.45	-1.41447E-006
2256.36	-1.41253E-006
2257.27	-1.41058E-006
2258.18	-1.40864E-006
2259.09	-1.4067E-006
2260	-1.40476E-006
2260.91	-1.40282E-006
2261.82	-1.40088E-006
2262.73	-1.39894E-006
2263.64	-0.000001397
2264.55	-1.39507E-006
2265.45	-1.39314E-006
2266.36	-1.39121E-006
2267.27	-1.38927E-006
2268.18	-1.38735E-006
2269.09	-1.38542E-006
2270	-1.38349E-006
2270.91	-1.38156E-006
2271.82	-1.37964E-006
2272.73	-1.37772E-006
2273.64	-1.3758E-006
2274.55	-1.37387E-006
2275.45	-0.000001372
2276.36	-0.00000137
2277.27	-1.36812E-006
2278.18	-1.3662E-006
2279.09	-1.36429E-006
2280	-1.36238E-006
2280.91	-1.36046E-006
2281.82	-1.35855E-006
2282.73	-1.35664E-006
2283.64	-1.35473E-006
2284.55	-1.35283E-006
2285.45	-1.35092E-006
2286.36	-0.000001349
2287.27	-1.34711E-006
2288.18	-1.34521E-006
2289.09	-1.34331E-006
2290	-1.34141E-006
2290.91	-1.33951E-006
2291.82	-1.33761E-006
2292.73	-1.33571E-006
2293.64	-1.33382E-006
2294.55	-1.33192E-006
2295.45	-0.00000133
2296.36	-1.32814E-006
2297.27	-1.32625E-006
2298.18	-1.32436E-006
2299.09	-1.32247E-006
2300	-1.32058E-006
2300.91	-1.31869E-006
2301.82	-1.31681E-006
2302.73	-1.31492E-006
2303.64	-0.000001313
2304.55	-1.31116E-006
2305.45	-1.30928E-006
2306.36	-1.3074E-006
2307.27	-1.30552E-006
2308.18	-1.30364E-006
2309.09	-1.30177E-006
2310	-1.29989E-006
2310.91	-0.000001298
2311.82	-1.29614E-006
2312.73	-1.29427E-006
2313.64	-1.2924E-006
2314.55	-1.29053E-006
2315.45	-1.28866E-006
2316.36	-1.28679E-006
2317.27	-1.28493E-006
2318.18	-1.28306E-006
2319.09	-1.2812E-006
2320	-1.27933E-006
2320.91	-1.27747E-006
2321.82	-1.27561E-006
2322.73	-1.27375E-006
2323.64	-1.27189E-006
2324.55	-0.00000127
2325.45	-1.26817E-006
2326.36	-1.26632E-006
2327.27	-1.26446E-006
2328.18	-1.26261E-006
2329.09	-1.26075E-006
2330	-1.2589E-006
2330.91	-1.25705E-006
2331.82	-1.2552E-006
2332.73	-1.25335E-006
2333.64	-1.2515E-006
2334.55	-1.24965E-006
2335.45	-1.24781E-006
2336.36	-0.000001246
2337.27	-1.24412E-006
2338.18	-1.24228E-006
2339.09	-1.24043E-006
2340	-1.23859E-006
2340.91	-1.23675E-006
2341.82	-1.23491E-006
2342.73	-1.23307E-006
2343.64	-1.23124E-006
2344.55	-1.2294E-006
2345.45	-1.22756E-006
2346.36	-1.22573E-006
2347.27	-1.2239E-006
2348.18	-1.22206E-006
2349.09	-1.22023E-006
2350	-1.2184E-006
2350.91	-1.21657E-006
2351.82	-1.21474E-006
2352.73	-1.21291E-006
2353.64	-1.21109E-006
2354.55	-1.20926E-006
2355.45	-1.20744E-006
2356.36	-1.20561E-006
2357.27	-1.20379E-006
2358.18	-0.000001202
2359.09	-1.20014E-006
2360	-1.19832E-006
2360.91	-1.1965E-006
2361.82	-1.19468E-006
2362.73	-1.19287E-006
2363.64	-1.19105E-006
2364.55	-1.18923E-006
2365.45	-1.18742E-006
2366.36	-1.1856E-006
2367.27	-1.18379E-006
2368.18	-0.000001182
2369.09	-1.18016E-006
2370	-1.17835E-006
2370.91	-1.17654E-006
2371.82	-1.17473E-006
2372.73	-1.17292E-006
2373.64	-1.17112E-006
2374.55	-1.16931E-006
2375.45	-1.1675E-006
2376.36	-1.1657E-006
2377.27	-1.16389E-006
2378.18	-1.16209E-006
2379.09	-1.16029E-006
2380	-1.15849E-006
2380.91	-1.15668E-006
2381.82	-1.15488E-006
2382.73	-1.15308E-006
2383.64	-1.15129E-006
2384.55	-1.14949E-006
2385.45	-1.14769E-006
2386.36	-1.14589E-006
2387.27	-1.1441E-006
2388.18	-1.1423E-006
2389.09	-1.14051E-006
2390	-1.13872E-006
2390.91	-1.13692E-006
2391.82	-1.13513E-006
2392.73	-1.13334E-006
2393.64	-1.13155E-006
2394.55	-1.12976E-006
2395.45	-0.000001128
2396.36	-1.12619E-006
2397.27	-1.1244E-006
2398.18	-1.12261E-006
2399.09	-1.12083E-006
2400	-0.000001119
2400.91	-1.11726E-006
2401.82	-1.11547E-006
2402.73	-1.11369E-006
2403.64	-1.11191E-006
2404.55	-1.11013E-006
2405.45	-1.10835E-006
2406.36	-1.10657E-006
2407.27	-1.10479E-006
2408.18	-0.000001103
2409.09	-1.10123E-006
2410	-1.09946E-006
2410.91	-1.09768E-006
2411.82	-1.0959E-006
2412.73	-1.09413E-006
2413.64	-1.09236E-006
2414.55	-1.09058E-006
2415.45	-1.08881E-006
2416.36	-0.000001087
2417.27	-1.08527E-006
2418.18	-1.08349E-006
2419.09	-1.08172E-006
2420	-0.00000108
2420.91	-1.07819E-006
2421.82	-1.07642E-006
2422.73	-1.07465E-006
2423.64	-1.07288E-006
2424.55	-1.07112E-006
2425.45	-1.06935E-006
2426.36	-1.06759E-006
2427.27	-1.06582E-006
2428.18	-1.06406E-006
2429.09	-1.0623E-006
2430	-1.06053E-006
2430.91	-1.05877E-006
2431.82	-0.000001057
2432.73	-1.05525E-006
2433.64	-1.05349E-006
2434.55	-1.05173E-006
2435.45	-0.00000105
2436.36	-1.04821E-006
2437.27	-1.04645E-006
2438.18	-1.0447E-006
2439.09	-1.04294E-006
2440	-1.04118E-006
2440.91	-1.03943E-006
2441.82	-1.03767E-006
2442.73	-1.03592E-006
2443.64	-1.03417E-006
2444.55	-1.03241E-006
2445.45	-1.03066E-006
2446.36	-1.02891E-006
2447.27	-1.02716E-006
2448.18	-1.0254E-006
2449.09	-1.02365E-006
2450	-1.0219E-006
2450.91	-1.02015E-006
2451.82	-1.01841E-006
2452.73	-1.01666E-006
2453.64	-1.01491E-006
2454.55	-1.01316E-006
2455.45	-1.01141E-006
2456.36	-1.00967E-006
2457.27	-1.00792E-006
2458.18	-1.00618E-006
2459.09	-1.00443E-006
2460	-1.00269E-006
2460.91	-1.00094E-006
2461.82	-9.99201E-007
2462.73	-9.97458E-007
2463.64	-9.95715E-007
2464.55	-0.000000994
2465.45	-9.92232E-007
2466.36	-9.9049E-007
2467.27	-9.8875E-007
2468.18	-0.000000987
2469.09	-9.8527E-007
2470	-9.8353E-007
2470.91	-9.81792E-007
2471.82	-9.80053E-007
2472.73	-9.78315E-007
2473.64	-9.76578E-007
2474.55	-9.7484E-007
2475.45	-9.73104E-007
2476.36	-9.71396E-007
2477.27	-9.6966E-007
2478.18	-9.67925E-007
2479.09	-9.6619E-007
2480	-9.64455E-007
2480.91	-9.6272E-007
2481.82	-0.000000961
2482.73	-9.59253E-007
2483.64	-9.5752E-007
2484.55	-9.55787E-007
2485.45	-9.54055E-007
2486.36	-9.52323E-007
2487.27	-9.50591E-007
2488.18	-9.4886E-007
2489.09	-9.4713E-007
2490	-9.45399E-007
2490.91	-9.43669E-007
2491.82	-9.41939E-007
2492.73	-9.40209E-007
2493.64	-9.3848E-007
2494.55	-9.36751E-007
2495.45	-0.000000935
2496.36	-9.33295E-007
2497.27	-9.31567E-007
2498.18	-9.29839E-007
2499.09	-9.28112E-007
2500	-9.26385E-007
2500.91	-9.24658E-007
2501.82	-9.22932E-007
2502.73	-9.21206E-007
2503.64	-9.1948E-007
2504.55	-9.17754E-007
2505.45	-0.000000916
2506.36	-9.14304E-007
2507.27	-9.1258E-007
2508.18	-9.10855E-007
2509.09	-9.09131E-007
2510	-9.07407E-007
2510.91	-9.05684E-007
2511.82	-0.000000904
2512.73	-9.02237E-007
2513.64	-9.00514E-007
2514.55	-8.98792E-007
2515.45	-8.97069E-007
2516.36	-8.95347E-007
2517.27	-8.93625E-007
2518.18	-8.91903E-007
2519.09	-8.90182E-007
2520	-8.88461E-007
2520.91	-8.8674E-007
2521.82	-0.000000885
2522.73	-8.83298E-007
2523.64	-8.81577E-007
2524.55	-8.79857E-007
2525.45	-8.78137E-007
2526.36	-8.76417E-007
2527.27	-8.74697E-007
2528.18	-0.000000873
2529.09	-8.71258E-007
2530	-8.69539E-007
2530.91	-8.6782E-007
2531.82	-8.66101E-007
2532.73	-8.64382E-007
2533.64	-8.62664E-007
2534.55	-8.60945E-007
2535.45	-8.59227E-007
2536.36	-8.57509E-007
2537.27	-8.55791E-007
2538.18	-8.54073E-007
2539.09	-8.52355E-007
2540	-8.50637E-007
2540.91	-8.48919E-007
2541.82	-8.47202E-007
2542.73	-8.45484E-007
2543.64	-8.43767E-007
2544.55	-0.000000842
2545.45	-8.40332E-007
2546.36	-8.38615E-007
2547.27	-8.36898E-007
2548.18	-8.35181E-007
2549.09	-8.33464E-007
2550	-8.31748E-007
2550.91	-0.00000083
2551.82	-8.28314E-007
2552.73	-8.26597E-007
2553.64	-8.24881E-007
2554.55	-8.23164E-007
2555.45	-8.21448E-007
2556.36	-8.19731E-007
2557.27	-0.000000818
2558.18	-8.16298E-007
2559.09	-8.14582E-007
2560	-8.12865E-007
2560.91	-8.11149E-007
2561.82	-8.09432E-007
2562.73	-8.07716E-007
2563.64	-0.000000806
2564.55	-8.04283E-007
2565.45	-8.02566E-007
2566.36	-8.0085E-007
2567.27	-7.99133E-007
2568.18	-7.97416E-007
2569.09	-7.957E-007
2570	-0.000000794
2570.91	-7.92266E-007
2571.82	-7.90549E-007
2572.73	-7.88833E-007
2573.64	-7.87116E-007
2574.55	-7.85399E-007
2575.45	-7.83681E-007
2576.36	-0.000000782
2577.27	-7.80247E-007
2578.18	-7.7853E-007
2579.09	-7.76812E-007
2580	-7.75095E-007
2580.91	-7.73377E-007
2581.82	-7.71659E-007
2582.73	-7.69941E-007
2583.64	-7.68223E-007
2584.55	-7.66505E-007
2585.45	-7.64787E-007
2586.36	-7.63068E-007
2587.27	-7.61349E-007
2588.18	-7.59625E-007
2589.09	-7.57906E-007
2590	-7.56187E-007
2590.91	-7.54467E-007
2591.82	-7.52748E-007
2592.73	-0.000000751
2593.64	-7.49309E-007
2594.55	-7.47589E-007
2595.45	-7.45868E-007
2596.36	-7.44148E-007
2597.27	-7.42427E-007
2598.18	-7.40707E-007
2599.09	-0.000000739
2600	-7.37264E-007
2600.91	-7.35543E-007
2601.82	-7.33821E-007
2602.73	-7.32099E-007
2603.64	-7.30377E-007
2604.55	-7.28655E-007
2605.45	-7.26932E-007
2606.36	-7.25209E-007
2607.27	-7.23486E-007
2608.18	-7.21762E-007
2609.09	-0.00000072
2610	-7.18315E-007
2610.91	-7.1659E-007
2611.82	-7.14866E-007
2612.73	-7.13141E-007
2613.64	-7.11415E-007
2614.55	-7.0969E-007
2615.45	-0.000000708
2616.36	-7.06238E-007
2617.27	-7.04511E-007
2618.18	-7.02784E-007
2619.09	-7.01057E-007
2620	-6.99329E-007
2620.91	-6.97601E-007
2621.82	-6.95873E-007
2622.73	-6.94144E-007
2623.64	-6.92415E-007
2624.55	-6.90686E-007
2625.45	-0.000000689
2626.36	-6.87226E-007
2627.27	-6.85495E-007
2628.18	-6.83764E-007
2629.09	-0.000000682
2630	-6.80301E-007
2630.91	-6.78569E-007
2631.82	-6.76836E-007
2632.73	-6.75103E-007
2633.64	-6.73369E-007
2634.55	-6.71635E-007
2635.45	-6.69901E-007
2636.36	-6.68166E-007
2637.27	-6.6643E-007
2638.18	-6.64694E-007
2639.09	-0.000000663
2640	-6.61221E-007
2640.91	-6.59483E-007
2641.82	-6.57746E-007
2642.73	-0.000000656
2643.64	-6.54268E-007
2644.55	-6.52529E-007
2645.45	-6.50789E-007
2646.36	-0.000000649
2647.27	-6.47307E-007
2648.18	-6.45566E-007
2649.09	-6.43824E-007
2650	-6.42081E-007
2650.91	-6.40338E-007
2651.82	-6.38597E-007
2652.73	-6.36853E-007
2653.64	-6.35108E-007
2654.55	-6.33362E-007
2655.45	-6.31616E-007
2656.36	-6.29869E-007
2657.27	-6.28122E-007
2658.18	-6.26374E-007
2659.09	-6.24625E-007
2660	-6.22875E-007
2660.91	-6.21125E-007
2661.82	-6.19375E-007
2662.73	-6.17623E-007
2663.64	-6.15871E-007
2664.55	-6.14119E-007
2665.45	-6.12365E-007
2666.36	-6.10611E-007
2667.27	-6.08857E-007
2668.18	-6.07101E-007
2669.09	-6.05345E-007
2670	-6.03588E-007
2670.91	-6.01831E-007
2671.82	-6.00072E-007
2672.73	-5.98313E-007
2673.64	-5.96553E-007
2674.55	-5.94793E-007
2675.45	-0.000000593
2676.36	-5.91269E-007
2677.27	-5.89506E-007
2678.18	-5.87743E-007
2679.09	-0.000000586
2680	-5.84213E-007
2680.91	-5.82447E-007
2681.82	-5.8068E-007
2682.73	-5.78912E-007
2683.64	-5.77144E-007
2684.55	-5.75374E-007
2685.45	-5.73604E-007
2686.36	-5.71833E-007
2687.27	-5.70061E-007
2688.18	-5.68288E-007
2689.09	-5.66514E-007
2690	-5.6473E-007
2690.91	-0.000000563
2691.82	-5.61167E-007
2692.73	-5.5939E-007
2693.64	-5.57612E-007
2694.55	-5.55832E-007
2695.45	-5.54052E-007
2696.36	-5.52271E-007
2697.27	-5.50489E-007
2698.18	-5.48706E-007
2699.09	-5.46921E-007
2700	-5.45136E-007
2700.91	-5.4335E-007
2701.82	-5.41563E-007
2702.73	-5.39775E-007
2703.64	-0.000000538
2704.55	-5.36196E-007
2705.45	-5.34404E-007
2706.36	-5.32612E-007
2707.27	-5.30819E-007
2708.18	-0.000000529
2709.09	-5.27229E-007
2710	-5.25433E-007
2710.91	-5.23635E-007
2711.82	-5.21837E-007
2712.73	-6.15433E-007
2713.64	-5.18236E-007
2714.55	-5.16434E-007
2715.45	-5.14631E-007
2716.36	-5.12827E-007
2717.27	-0.000000511
2718.18	-5.09234E-007
2719.09	-5.07426E-007
2720	-5.05617E-007
2720.91	-5.03807E-007
2721.82	-0.000000502
2722.73	-5.00184E-007
2723.64	-4.98331E-007
2724.55	-4.96516E-007
2725.45	-4.947E-007
2726.36	-4.92882E-007
2727.27	-4.91063E-007
2728.18	-4.89243E-007
2729.09	-4.87422E-007
2730	-4.85599E-007
2730.91	-4.83775E-007
2731.82	-0.000000482
2732.73	-4.80123E-007
2733.64	-4.78295E-007
2734.55	-4.76466E-007
2735.45	-4.74635E-007
2736.36	-4.72803E-007
2737.27	-0.000000471
2738.18	-4.69136E-007
2739.09	-4.67299E-007
2740	-4.65462E-007
2740.91	-4.63623E-007
2741.82	-4.61783E-007
2742.73	-4.59941E-007
2743.64	-4.58098E-007
2744.55	-4.56253E-007
2745.45	-4.54407E-007
2746.36	-4.52559E-007
2747.27	-4.5071E-007
2748.18	-4.48859E-007
2749.09	-0.000000447
2750	-4.45153E-007
2750.91	-4.43298E-007
2751.82	-4.41441E-007
2752.73	-4.39583E-007
2753.64	-4.37723E-007
2754.55	-4.35861E-007
2755.45	-0.000000434
2756.36	-4.32133E-007
2757.27	-4.30267E-007
2758.18	-4.28399E-007
2759.09	-4.26529E-007
2760	-4.24658E-007
2760.91	-4.22785E-007
2761.82	-4.2091E-007
2762.73	-0.000000419
2763.64	-4.17156E-007
2764.55	-4.15276E-007
2765.45	-4.13395E-007
2766.36	-4.11511E-007
2767.27	-4.09626E-007
2768.18	-4.0774E-007
2769.09	-4.05851E-007
2770	-0.000000404
2770.91	-4.0207E-007
2771.82	-4.00176E-007
2772.73	-3.9828E-007
2773.64	-3.96383E-007
2774.55	-3.94483E-007
2775.45	-3.92582E-007
2776.36	-3.90678E-007
2777.27	-3.88773E-007
2778.18	-3.86866E-007
2779.09	-0.000000385
2780	-3.83064E-007
2780.91	-3.81151E-007
2781.82	-3.79236E-007
2782.73	-3.77319E-007
2783.64	-3.754E-007
2784.55	-3.73479E-007
2785.45	-3.71556E-007
2786.36	-3.69631E-007
2787.27	-3.67704E-007
2788.18	-3.65775E-007
2789.09	-3.63844E-007
2790	-3.61911E-007
2790.91	-0.00000036
2791.82	-0.000000358
2792.73	-3.56098E-007
2793.64	-3.54156E-007
2794.55	-3.52212E-007
2795.45	-3.50266E-007
2796.36	-3.48318E-007
2797.27	-3.46367E-007
2798.18	-3.44414E-007
2799.09	-3.42459E-007
2800	-3.40502E-007
2800.91	-3.38542E-007
2801.82	-3.3658E-007
2802.73	-3.34619E-007
2803.64	-3.32652E-007
2804.55	-3.30683E-007
2805.45	-3.28712E-007
2806.36	-3.26738E-007
2807.27	-3.24762E-007
2808.18	-3.22783E-007
2809.09	-3.20802E-007
2810	-3.18819E-007
2810.91	-3.16833E-007
2811.82	-3.14841E-007
2812.73	-3.1285E-007
2813.64	-3.10856E-007
2814.55	-3.08861E-007
2815.45	-3.06862E-007
2816.36	-3.04861E-007
2817.27	-3.02857E-007
2818.18	-3.00851E-007
2819.09	-2.98842E-007
2820	-2.96831E-007
2820.91	-2.94817E-007
2821.82	-2.928E-007
2822.73	-2.9078E-007
2823.64	-2.88758E-007
2824.55	-2.86733E-007
2825.45	-2.84707E-007
2826.36	-2.82676E-007
2827.27	-2.80643E-007
2828.18	-2.78607E-007
2829.09	-2.76568E-007
2830	-2.74526E-007
2830.91	-2.72481E-007
2831.82	-2.70433E-007
2832.73	-2.68383E-007
2833.64	-2.66329E-007
2834.55	-2.64273E-007
2835.45	-2.62213E-007
2836.36	-2.60151E-007
2837.27	-2.58085E-007
2838.18	-0.000000256
2839.09	-2.53935E-007
2840	-2.51861E-007
2840.91	-2.49783E-007
2841.82	-2.47702E-007
2842.73	-2.45618E-007
2843.64	-2.43532E-007
2844.55	-2.41442E-007
2845.45	-2.39348E-007
2846.36	-2.37251E-007
2847.27	-2.35151E-007
2848.18	-0.000000233
2849.09	-2.30941E-007
2850	-2.28831E-007
2850.91	-2.26718E-007
2851.82	-2.24601E-007
2852.73	-2.22481E-007
2853.64	-2.20357E-007
2854.55	-2.1823E-007
2855.45	-2.161E-007
2856.36	-0.000000214
2857.27	-2.11827E-007
2858.18	-2.09686E-007
2859.09	-2.07541E-007
2860	-2.05393E-007
2860.91	-2.03241E-007
2861.82	-2.01086E-007
2862.73	-1.98927E-007
2863.64	-1.96764E-007
2864.55	-1.94597E-007
2865.45	-1.92427E-007
2866.36	-1.9026E-007
2867.27	-1.88082E-007
2868.18	-1.859E-007
2869.09	-1.83715E-007
2870	-1.81526E-007
2870.91	-1.79332E-007
2871.82	-1.77135E-007
2872.73	-1.74934E-007
2873.64	-1.72728E-007
2874.55	-1.70519E-007
2875.45	-1.68306E-007
2876.36	-1.66094E-007
2877.27	-1.63873E-007
2878.18	-1.61647E-007
2879.09	-1.59417E-007
2880	-1.57183E-007
2880.91	-1.54945E-007
2881.82	-1.52702E-007
2882.73	-1.50455E-007
2883.64	-1.48204E-007
2884.55	-1.45949E-007
2885.45	-1.43689E-007
2886.36	-1.41424E-007
2887.27	-1.39156E-007
2888.18	-1.36882E-007
2889.09	-1.34605E-007
2890	-1.32322E-007
2890.91	-0.00000013
2891.82	-1.27744E-007
2892.73	-1.25448E-007
2893.64	-1.23147E-007
2894.55	-1.20841E-007
2895.45	-1.18531E-007
2896.36	-1.16216E-007
2897.27	-1.13896E-007
2898.18	-1.11571E-007
2899.09	-1.09241E-007
2900	-1.06906E-007
2900.91	-1.04567E-007
2901.82	-1.02222E-007
2902.73	-7.39945E-007
2903.64	-9.75177E-008
2904.55	-9.51577E-008
2905.45	-9.27927E-008
2906.36	-9.04224E-008
2907.27	-0.000000088
2908.18	-8.56661E-008
2909.09	-8.328E-008
2910	-8.08885E-008
2910.91	-7.84917E-008
2911.82	-7.60894E-008
2912.73	-7.36816E-008
2913.64	-7.12682E-008
2914.55	-6.88509E-008
2915.45	-6.64264E-008
2916.36	-0.000000064
2917.27	-6.15603E-008
2918.18	-5.91188E-008
2919.09	-5.66714E-008
2920	-5.42182E-008
2920.91	-5.17591E-008
2921.82	-4.92941E-008
2922.73	-4.68232E-008
2923.64	-4.43463E-008
2924.55	-4.18632E-008
2925.45	-3.9373E-008
2926.36	-3.68778E-008
2927.27	-3.43764E-008
2928.18	-3.18686E-008
2929.09	-2.93546E-008
2930	-2.68343E-008
2930.91	-2.43075E-008
2931.82	-2.17742E-008
2932.73	-1.92352E-008
2933.64	-1.66889E-008
2934.55	-1.4136E-008
2935.45	-1.15766E-008
2936.36	-0.000000009
2937.27	-6.43733E-009
2938.18	-3.85755E-009
2939.09	-1.27073E-009
2940	1.32292E-009
2940.91	3.92346E-009
2941.82	6.53121E-009
2942.73	9.146E-009
2943.64	1.1768E-008
2944.55	1.43973E-008
2945.45	0.000000017
2946.36	1.96775E-008
2947.27	2.23294E-008
2948.18	0.000000025
2949.09	2.76541E-008
2950	3.03279E-008
2950.91	0.000000033
2951.82	3.56985E-008
2952.73	3.83953E-008
2953.64	4.10999E-008
2954.55	4.38125E-008
2955.45	4.6532E-008
2956.36	4.92607E-008
2957.27	0.000000052
2958.18	5.47423E-008
2959.09	5.74954E-008
2960	6.02568E-008
2960.91	0.000000063
2961.82	6.58049E-008
2962.73	6.85917E-008
2963.64	7.13871E-008
2964.55	7.41912E-008
2965.45	0.000000077
2966.36	7.98258E-008
2967.27	8.26565E-008
2968.18	8.54961E-008
2969.09	8.83447E-008
2970	9.12025E-008
2970.91	9.40695E-008
2971.82	9.69458E-008
2972.73	9.98316E-008
2973.64	1.02727E-007
2974.55	1.05631E-007
2975.45	1.08546E-007
2976.36	1.11472E-007
2977.27	1.14404E-007
2978.18	1.1735E-007
2979.09	1.20304E-007
2980	1.23268E-007
2980.91	1.26242E-007
2981.82	1.29226E-007
2982.73	1.32221E-007
2983.64	1.35226E-007
2984.55	1.38242E-007
2985.45	1.41268E-007
2986.36	1.44305E-007
2987.27	1.47353E-007
2988.18	1.50412E-007
2989.09	1.53482E-007
2990	1.56564E-007
2990.91	1.59656E-007
2991.82	1.6276E-007
2992.73	1.65875E-007
2993.64	0.000000169
2994.55	1.72141E-007
2995.45	1.75298E-007
2996.36	1.7846E-007
2997.27	1.81635E-007
2998.18	1.84821E-007
