10	0.000471224
10.4	0.000484298
10.8	0.000498907
11.2	0.000515315
11.6	0.000533856
12	0.000555044
12.4	0.000579505
12.8	0.000607925
13.2	0.000641697
13.6	0.000682735
14	0.000734006
14.4	0.000800982
14.8	0.00089502
15.2	0.00104667
15.6	0.00141933
16	0.00127665
16.4	0.000983613
16.8	0.00081807
17.2	0.000697039
17.6	0.00059626
18	0.000510594
18.4	0.000434606
18.8	0.000367261
19.2	0.000305717
19.6	0.000249607
20	0.00020046
20.4	0.000151251
20.8	0.000108602
21.2	6.71645e-05
21.6	3.08139e-05
22	-3.15605e-06
22.4	-3.62647e-05
22.8	-6.3986e-05
23.2	-9.29174e-05
23.6	-0.000117532
24	-0.000141184
24.4	-0.000163285
24.8	-0.000183673
25.2	-0.000202317
25.6	-0.000218823
26	-0.000233267
26.4	-0.000246964
26.8	-0.000260359
27.2	-0.000272658
27.6	-0.000282466
28	-0.000291631
28.4	-0.000300725
28.8	-0.000307664
29.2	-0.000313345
29.6	-0.000319277
30	-0.000324511
30.4	-0.000328414
30.8	-0.00033172
31.2	-0.000333848
31.6	-0.000335313
32	-0.000336144
32.4	-0.000335078
32.8	-0.000334211
33.2	-0.000332741
33.6	-0.000330922
34	-0.000328127
34.4	-0.000325133
34.8	-0.000321502
35.2	-0.000316744
35.6	-0.000310501
36	-0.000302275
36.4	-0.000292168
36.8	-0.000281413
37.2	-0.000271511
37.6	-0.000262776
38	-0.000254637
38.4	-0.000246473
38.8	-0.000237086
39.2	-0.000229885
39.6	-0.000222402
40	-0.000214199
40.4	-0.000206739
40.8	-0.000199549
41.2	-0.000192599
41.6	-0.000185883
42	-0.000179413
42.4	-0.000173154
42.8	-0.000167172
43.2	-0.000161335
43.6	-0.000155781
44	-0.000150474
44.4	-0.000145375
44.8	-0.000140528
45.2	-0.000135892
45.6	-0.000131471
46	-0.00012726
46.4	-0.000123241
46.8	-0.000119424
47.2	-0.000115751
47.6	-0.000112264
48	-0.00010894
48.4	-0.000105773
48.8	-0.00010276
49.2	-9.98835e-05
49.6	-9.71523e-05
50	-9.45435e-05
50.4	-9.20589e-05
50.8	-8.96971e-05
51.2	-8.74411e-05
51.6	-8.52954e-05
52	-8.32421e-05
52.4	-8.12904e-05
52.8	-7.94229e-05
53.2	-7.76384e-05
53.6	-7.59305e-05
54	-7.43008e-05
54.4	-7.27569e-05
54.8	-7.12872e-05
55.2	-6.98967e-05
55.6	-6.85797e-05
56	-6.733e-05
56.4	-6.61358e-05
56.8	-6.49903e-05
57.2	-6.38866e-05
57.6	-6.281e-05
58	-6.17614e-05
58.4	-6.07364e-05
58.8	-5.97361e-05
59.2	-5.87596e-05
59.6	-5.78207e-05
60	-5.68986e-05
60.4	-5.59956e-05
60.8	-5.51336e-05
61.2	-5.42966e-05
61.6	-5.34877e-05
62	-5.27011e-05
62.4	-5.19338e-05
62.8	-5.11874e-05
63.2	-5.04578e-05
63.6	-4.97434e-05
64	-4.90416e-05
64.4	-4.83537e-05
64.8	-4.76816e-05
65.2	-4.69072e-05
65.6	-4.63799e-05
66	-4.57533e-05
66.4	-4.51393e-05
66.8	-4.45431e-05
67.2	-4.39641e-05
67.6	-4.34006e-05
68	-4.28529e-05
68.4	-4.23716e-05
68.8	-4.18013e-05
69.2	-4.12933e-05
69.6	-4.07987e-05
70	-4.03143e-05
70.4	-3.98372e-05
70.8	-3.93568e-05
71.2	-3.89177e-05
71.6	-3.85017e-05
72	-3.80134e-05
72.4	-3.7576e-05
72.8	-3.71574e-05
73.2	4.35107e-06
73.6	-3.6306e-05
74	-3.59041e-05
74.4	-3.55013e-05
74.8	-3.51023e-05
75.2	-3.47217e-05
75.6	-3.43454e-05
76	-3.39778e-05
76.4	-3.36135e-05
76.8	-3.32558e-05
77.2	-3.29052e-05
77.6	-3.25593e-05
78	-3.22198e-05
78.4	-3.18875e-05
78.8	-3.15619e-05
79.2	-3.12425e-05
79.6	-3.09461e-05
80	-3.06187e-05
80.4	-3.03155e-05
80.8	-3.00181e-05
81.2	-2.97271e-05
81.6	-2.94393e-05
82	-2.91568e-05
82.4	-2.88815e-05
82.8	-2.861e-05
83.2	-2.83475e-05
83.6	-2.80836e-05
84	-2.78226e-05
84.4	-2.75571e-05
84.8	-2.73033e-05
85.2	-2.70534e-05
85.6	-2.68051e-05
86	-2.6563e-05
86.4	-2.63229e-05
86.8	-2.60901e-05
87.2	-2.5852e-05
87.6	-2.56215e-05
88	-2.53938e-05
88.4	-2.51695e-05
88.8	-2.49491e-05
89.2	-2.47299e-05
89.6	-2.45147e-05
90	-2.43029e-05
90.4	-2.40942e-05
90.8	-2.38882e-05
91.2	-2.36855e-05
91.6	-2.34853e-05
92	-2.32878e-05
92.4	-2.30933e-05
92.8	-2.29029e-05
93.2	-2.27131e-05
93.6	-2.25269e-05
94	-2.23439e-05
94.4	-2.21623e-05
94.8	-2.19853e-05
95.2	-2.18054e-05
95.6	-2.16311e-05
96	-2.14585e-05
96.4	-2.12939e-05
96.8	-2.11271e-05
97.2	-2.09609e-05
97.6	-2.07986e-05
98	-2.06379e-05
98.4	-2.0479e-05
98.8	-2.03221e-05
99.2	-2.01664e-05
99.6	-2.0013e-05
100	-1.98599e-05
100.4	-1.97077e-05
100.8	-1.95624e-05
101.2	-1.94158e-05
101.6	-1.92709e-05
102	-1.91275e-05
102.4	-1.89849e-05
102.8	-1.88445e-05
103.2	-1.87053e-05
103.6	-1.85676e-05
104	-1.84321e-05
104.4	-1.82976e-05
104.8	-1.81644e-05
105.2	-1.80321e-05
105.6	-1.79038e-05
106	-1.77739e-05
106.4	-1.76448e-05
106.8	-1.75181e-05
107.2	-1.73927e-05
107.6	-1.72691e-05
108	-1.71462e-05
108.4	-1.70251e-05
108.8	-1.69044e-05
109.2	-1.67855e-05
109.6	-1.66675e-05
110	-1.65508e-05
110.4	-1.64349e-05
110.8	-1.6327e-05
111.2	-1.62069e-05
111.6	-1.60945e-05
112	-1.59831e-05
112.4	-1.5873e-05
112.8	-1.57641e-05
113.2	-1.56554e-05
113.6	-1.55485e-05
114	-1.54419e-05
114.4	-1.53365e-05
114.8	-1.52321e-05
115.2	-1.51285e-05
115.6	-1.50265e-05
116	-1.49243e-05
116.4	-1.48236e-05
116.8	-1.47241e-05
117.2	-1.46247e-05
117.6	-1.45285e-05
118	-1.44298e-05
118.4	-1.4334e-05
118.8	-1.42399e-05
119.2	-1.4129e-05
119.6	-1.40516e-05
120	-1.39591e-05
120.4	-1.38659e-05
120.8	-1.37757e-05
121.2	-1.36843e-05
121.6	-1.3596e-05
122	-1.35071e-05
122.4	-1.34192e-05
122.8	-1.33322e-05
123.2	-1.32495e-05
123.6	-1.31605e-05
124	-1.30761e-05
124.4	-1.29928e-05
124.8	-1.291e-05
125.2	-1.28279e-05
125.6	-1.2747e-05
126	-1.26668e-05
126.4	-1.25876e-05
126.8	-1.25091e-05
127.2	-1.24315e-05
127.6	-1.23543e-05
128	-1.22784e-05
128.4	-1.22027e-05
128.8	-1.21281e-05
129.2	-1.2054e-05
129.6	-1.19807e-05
130	-1.19079e-05
130.4	-1.18357e-05
130.8	-1.17641e-05
131.2	-1.16935e-05
131.6	-1.16225e-05
132	-1.1553e-05
132.4	-1.1483e-05
132.8	-1.14152e-05
133.2	-1.13468e-05
133.6	-1.12774e-05
134	-1.12116e-05
134.4	-1.1143e-05
134.8	-1.10777e-05
135.2	-1.10101e-05
135.6	-1.0944e-05
136	-1.08787e-05
136.4	-1.08135e-05
136.8	-1.0749e-05
137.2	-1.06846e-05
137.6	-1.06207e-05
138	-1.05557e-05
138.4	-1.04942e-05
138.8	-1.04315e-05
139.2	-1.03696e-05
139.6	-1.03062e-05
140	-1.02462e-05
140.4	-1.01904e-05
140.8	-1.01246e-05
141.2	-1.00661e-05
141.6	-1.00068e-05
142	-9.94611e-06
142.4	-9.88725e-06
142.8	-9.82892e-06
143.2	-9.7708e-06
143.6	-9.71408e-06
144	-9.65684e-06
144.4	-9.60017e-06
144.8	-9.54387e-06
145.2	-9.48833e-06
145.6	-9.43284e-06
146	-9.37776e-06
146.4	-9.32307e-06
146.8	-9.2701e-06
147.2	-9.21517e-06
147.6	-9.16166e-06
148	-9.1086e-06
148.4	-9.05567e-06
148.8	-9.00335e-06
149.2	-8.95135e-06
149.6	-8.89925e-06
150	-8.84789e-06
150.4	-8.79679e-06
150.8	-8.74585e-06
151.2	-8.69484e-06
151.6	-8.64449e-06
152	-8.59436e-06
152.4	-8.54431e-06
152.8	-8.49452e-06
153.2	-8.44521e-06
153.6	-8.39563e-06
154	-8.34736e-06
154.4	-8.29931e-06
154.8	-8.25161e-06
155.2	-8.20383e-06
155.6	-8.15738e-06
156	-8.11072e-06
156.4	-8.06416e-06
156.8	-8.01792e-06
157.2	-7.97201e-06
157.6	-7.92666e-06
158	-7.88129e-06
158.4	-7.83444e-06
158.8	-7.79241e-06
159.2	-7.7484e-06
159.6	-7.7043e-06
160	-7.66161e-06
160.4	-7.6185e-06
160.8	-7.57555e-06
161.2	-7.53383e-06
161.6	-7.4917e-06
162	-7.44977e-06
162.4	-7.40826e-06
162.8	-7.36743e-06
163.2	-7.3264e-06
163.6	-7.28579e-06
164	-7.24475e-06
164.4	-7.20424e-06
164.8	-7.16392e-06
165.2	-7.12371e-06
165.6	-7.08444e-06
166	-7.04419e-06
166.4	-7.00411e-06
166.8	-6.96399e-06
167.2	-6.92381e-06
167.6	-6.88377e-06
168	-6.84349e-06
168.4	-6.80335e-06
168.8	-6.7629e-06
169.2	-6.72258e-06
169.6	-6.68204e-06
170	-6.64154e-06
170.4	-6.6007e-06
170.8	-6.55969e-06
171.2	-6.51896e-06
171.6	-6.4778e-06
172	-6.43679e-06
172.4	-6.39586e-06
172.8	-6.35474e-06
173.2	-6.31382e-06
173.6	-6.2729e-06
174	-6.23177e-06
174.4	-6.19096e-06
174.8	-6.1503e-06
175.2	-6.10969e-06
175.6	-6.06934e-06
176	-6.02935e-06
176.4	-5.98977e-06
176.8	-5.95141e-06
177.2	-5.91276e-06
177.6	-5.87493e-06
178	-5.83826e-06
178.4	-5.80223e-06
178.8	-5.76702e-06
179.2	-5.73277e-06
179.6	-5.69876e-06
180	-5.66809e-06
180.4	-5.63717e-06
180.8	-5.6078e-06
181.2	-5.57842e-06
181.6	-5.55103e-06
182	-5.52433e-06
182.4	-5.499e-06
182.8	-5.47457e-06
183.2	-5.45117e-06
183.6	-5.42912e-06
184	-5.40721e-06
184.4	-5.3865e-06
184.8	-5.36666e-06
185.2	-5.34736e-06
185.6	-5.32911e-06
186	-5.31182e-06
186.4	-5.29475e-06
186.8	-5.27805e-06
187.2	-5.26167e-06
187.6	-5.24572e-06
188	-5.22991e-06
188.4	-5.21386e-06
188.8	-5.19796e-06
189.2	-5.18204e-06
189.6	-5.16536e-06
190	-5.14828e-06
190.4	-5.1302e-06
190.8	-5.1107e-06
191.2	-5.08979e-06
191.6	-5.06665e-06
192	-5.0416e-06
192.4	-5.01395e-06
192.8	-4.9839e-06
193.2	-4.95082e-06
193.6	-4.91533e-06
194	-4.87617e-06
194.4	-4.83506e-06
194.8	-4.79041e-06
195.2	-4.74299e-06
195.6	-4.69271e-06
196	-4.63963e-06
196.4	-4.58296e-06
196.8	-4.52385e-06
197.2	-4.46156e-06
197.6	-4.39714e-06
198	-4.32975e-06
198.4	-4.26117e-06
198.8	-4.18731e-06
199.2	-4.11296e-06