17.2727	0.00137174
18.1818	0.000831274
19.0909	0.000558749
20	0.000374351
20.9091	0.000225423
21.8182	0.000105088
22.7273	9.72059e-06
23.6364	-6.5144e-05
24.5455	-0.000125511
25.4545	-0.000175229
26.3636	-0.000216279
27.2727	-0.000249782
28.1818	-0.000276339
29.0909	-0.000296401
30	-0.000310176
30.9091	-0.000317405
31.8182	-0.00031835
32.7273	-0.000314254
33.6364	-0.000306774
34.5455	-0.000296434
35.4545	-0.000283205
36.3636	-0.000267925
37.2727	-0.000251853
38.1818	-0.000235885
39.0909	-0.000220158
40	-0.000203796
40.9091	-0.000188124
41.8182	-0.00017373
42.7273	-0.0001583
43.6364	-0.000144735
44.5455	-0.00013344
45.4545	-0.00012359
46.3636	-0.00011489
47.2727	-0.000107167
48.1818	-0.000100283
49.0909	-9.40988e-05
50	-8.85143e-05
50.9091	-8.34566e-05
51.8182	-7.88675e-05
52.7273	-7.46983e-05
53.6364	-7.0906e-05
54.5455	-6.74515e-05
55.4545	-6.42954e-05
56.3636	-6.14002e-05
57.2727	-5.87373e-05
58.1818	-5.62827e-05
59.0909	-5.40157e-05
60	-5.19184e-05
60.9091	-4.99744e-05
61.8182	-4.81689e-05
62.7273	-4.64881e-05
63.6364	-4.49176e-05
64.5455	-4.34451e-05
65.4545	-4.20607e-05
66.3636	-4.07558e-05
67.2727	-3.95232e-05
68.1818	-3.83564e-05
69.0909	-3.72498e-05
70	-3.61987e-05
70.9091	-3.51986e-05
71.8182	-3.42462e-05
72.7273	-3.33385e-05
73.6364	-3.24729e-05
74.5455	-3.16468e-05
75.4545	-3.08577e-05
76.3636	-3.01032e-05
77.2727	-2.93812e-05
78.1818	-2.86895e-05
79.0909	-2.80264e-05
80	-2.73901e-05
80.9091	-2.6779e-05
81.8182	-2.61915e-05
82.7273	-2.56262e-05
83.6364	-2.50819e-05
84.5455	-2.45574e-05
85.4545	-2.40515e-05
86.3636	-2.35631e-05
87.2727	-2.30913e-05
88.1818	-2.26353e-05
89.0909	-2.21941e-05
90	-2.17669e-05
90.9091	-2.13531e-05
91.8182	-2.09519e-05
92.7273	-2.05628e-05
93.6364	-2.01851e-05
94.5455	-1.98183e-05
95.4545	-1.94619e-05
96.3636	-1.91155e-05
97.2727	-1.87785e-05
98.1818	-1.84506e-05
99.0909	-1.81313e-05
100	-1.78204e-05
100.909	-1.75173e-05
101.818	-1.72219e-05
102.727	-1.69337e-05
103.636	-1.66525e-05
104.545	-1.6378e-05
105.455	-1.611e-05
106.364	-1.58482e-05
107.273	-1.55925e-05
108.182	-1.53426e-05
109.091	-1.50984e-05
110	-1.48597e-05
110.909	-1.46264e-05
111.818	-1.43983e-05
112.727	-1.41751e-05
113.636	-1.39568e-05
114.545	-1.37432e-05
115.455	-1.35342e-05
116.364	-1.33295e-05
117.273	-1.31291e-05
118.182	-1.29328e-05
119.091	-1.27406e-05
120	-1.25521e-05
120.909	-1.23675e-05
121.818	-1.21865e-05
122.727	-1.20091e-05
123.636	-1.18351e-05
124.545	-1.16645e-05
125.455	-1.14971e-05
126.364	-1.1333e-05
127.273	-1.1172e-05
128.182	-1.10139e-05
129.091	-1.08588e-05
130	-1.07065e-05
130.909	-1.05569e-05
131.818	-1.04099e-05
132.727	-1.02655e-05
133.636	-1.01235e-05
134.545	-9.98379e-06
135.455	-9.84637e-06
136.364	-9.7111e-06
137.273	-9.57789e-06
138.182	-9.44663e-06
139.091	-9.31721e-06
140	-9.1895e-06
140.909	-9.06337e-06
141.818	-8.93863e-06
142.727	-8.81513e-06
143.636	-8.69274e-06
144.545	-8.57141e-06
145.455	-8.45106e-06
146.364	-8.33165e-06
147.273	-8.21315e-06
148.182	-8.09555e-06
149.091	-7.97882e-06
150	-7.86299e-06
150.909	-7.74805e-06
151.818	-7.63404e-06
152.727	-7.52099e-06
153.636	-7.40894e-06
154.545	-7.29797e-06
155.455	-7.18812e-06
156.364	-7.07951e-06
157.273	-6.97222e-06
158.182	-6.86638e-06
159.091	-6.76216e-06
160	-6.65972e-06
160.909	-6.55934e-06
161.818	-6.46139e-06
162.727	-6.36632e-06
163.636	-6.27439e-06
164.545	-6.18575e-06
165.455	-6.10047e-06
166.364	-6.0186e-06
167.273	-5.94015e-06
168.182	-5.86506e-06
169.091	-5.7933e-06
170	-5.72475e-06
170.909	-5.65931e-06
171.818	-5.59684e-06
172.727	-5.53715e-06
173.636	-5.48007e-06
174.545	-5.42537e-06
175.455	-5.3728e-06
176.364	-5.3221e-06
177.273	-5.27295e-06
178.182	-5.22503e-06
179.091	-5.17794e-06
180	-5.13128e-06
180.909	-5.08457e-06
181.818	-5.03727e-06
182.727	-4.98874e-06
183.636	-4.93824e-06
184.545	-4.88478e-06
185.455	-4.82687e-06
186.364	-4.76321e-06
187.273	-4.69302e-06
188.182	-4.6158e-06
189.091	-4.53119e-06
190	-4.43899e-06
190.909	-4.33911e-06
191.818	-4.23156e-06
192.727	-4.11643e-06
193.636	-3.9939e-06
194.545	-3.86426e-06
195.455	-3.72784e-06
196.364	-3.58508e-06
197.273	-3.43647e-06
198.182	-3.28261e-06
199.091	-3.12418e-06
200	-2.96194e-06
200.909	-2.79675e-06
201.818	-2.62961e-06
202.727	-2.46161e-06
203.636	-2.29399e-06
204.545	-2.12819e-06
205.455	-1.96585e-06
206.364	-1.80888e-06
207.273	-1.65959e-06
208.182	-1.52089e-06
209.091	-1.39704e-06
210	-1.29395e-06
210.909	-1.21532e-06
211.818	-1.16323e-06
212.727	-1.13886e-06
213.636	-1.14268e-06
214.545	-1.1746e-06
215.455	-1.23399e-06
216.364	-1.31977e-06
217.273	-1.43037e-06
218.182	-1.56378e-06
219.091	-1.7175e-06
220	-1.88857e-06
220.909	-2.07348e-06
221.818	-2.26815e-06
222.727	-2.46786e-06
223.636	-2.6671e-06
224.545	-2.85946e-06
225.455	-3.03737e-06
226.364	-3.19171e-06
227.273	-3.3111e-06
228.182	-3.38016e-06
229.091	-3.37375e-06
230	-3.26866e-06
230.909	-3.0531e-06
231.818	-2.72088e-06
232.727	-2.26976e-06
233.636	-1.70073e-06
234.545	-1.01767e-06
235.455	-2.27167e-07
236.364	6.61548e-07
237.273	1.63657e-06
238.182	2.68327e-06
239.091	3.78418e-06
240	4.91898e-06
240.909	6.06493e-06
241.818	7.19862e-06
242.727	8.30406e-06
243.636	9.42734e-06
244.545	1.07839e-05
245.455	1.0981e-05
246.364	8.26282e-06
247.273	5.41298e-06
248.182	3.90888e-06
249.091	2.8806e-06
250	2.11041e-06
250.909	1.50844e-06
251.818	1.02632e-06
252.727	6.3428e-07
253.636	3.12431e-07
254.545	4.6651e-08
255.455	-1.73523e-07
256.364	-3.5611e-07
257.273	-5.07429e-07
258.182	-6.32563e-07
259.091	-7.35679e-07
260	-8.20246e-07
260.909	-8.89185e-07
261.818	-9.44985e-07
262.727	-9.89785e-07
263.636	-1.02544e-06
264.545	-1.05356e-06
265.455	-1.07557e-06
266.364	-1.0927e-06
267.273	-1.10607e-06
268.182	-1.11664e-06
269.091	-1.12529e-06
270	-1.13277e-06
270.909	-1.13979e-06
271.818	-1.14694e-06
272.727	-1.15477e-06
273.636	-1.16375e-06
274.545	-1.17431e-06
275.455	-1.18682e-06
276.364	-1.20159e-06
277.273	-1.21891e-06
278.182	-1.23902e-06
279.091	-1.26211e-06
280	-1.28835e-06
280.909	-1.31787e-06
281.818	-1.35075e-06
282.727	-1.38707e-06
283.636	-1.42685e-06
284.545	-1.47008e-06
285.455	-1.51675e-06
286.364	-1.56677e-06
287.273	-1.62006e-06
288.182	-1.67648e-06
289.091	-1.73587e-06
290	-1.79801e-06
290.909	-1.86264e-06
291.818	-1.92945e-06
292.727	-1.99801e-06
293.636	-2.06774e-06
294.545	-2.13793e-06
295.455	-2.20811e-06
296.364	-2.27791e-06
297.273	-2.34704e-06
298.182	-2.41524e-06
299.091	-2.4823e-06
300	-2.54802e-06
300.909	-2.61223e-06
301.818	-2.6748e-06
302.727	-2.73557e-06
303.636	-2.79445e-06
304.545	-2.85133e-06
305.455	-2.90611e-06
306.364	-2.95873e-06
307.273	-3.0091e-06
308.182	-3.05718e-06
309.091	-3.1029e-06
310	-3.14624e-06
310.909	-3.18715e-06
311.818	-3.22562e-06
312.727	-3.26161e-06
313.636	-3.29513e-06
314.545	-3.32617e-06
315.455	-3.35472e-06
316.364	-3.3808e-06
317.273	-3.40442e-06
318.182	-3.42561e-06
319.091	-3.44438e-06
320	-3.46078e-06
320.909	-3.47485e-06
321.818	-3.48663e-06
322.727	-3.49618e-06
323.636	-3.50356e-06
324.545	-3.50885e-06
325.455	-3.51212e-06
326.364	-3.51347e-06
327.273	-3.513e-06
328.182	-3.51083e-06
329.091	-3.50711e-06
330	-3.50204e-06
330.909	-3.49584e-06
331.818	-3.48869e-06
332.727	-3.48072e-06
333.636	-3.47203e-06
334.545	-3.46273e-06
335.455	-3.4529e-06
336.364	-3.44262e-06
337.273	-3.43196e-06
338.182	-3.42099e-06
339.091	-3.40977e-06
340	-3.39833e-06
340.909	-3.38675e-06
341.818	-3.37506e-06
342.727	-3.36331e-06
343.636	-3.35154e-06
344.545	-3.33978e-06
345.455	-3.32807e-06
346.364	-3.31643e-06
347.273	-3.30489e-06
348.182	-3.29349e-06
349.091	-3.28224e-06
350	-3.27116e-06
350.909	-3.26028e-06
351.818	-3.24961e-06
352.727	-3.23916e-06
353.636	-3.22896e-06
354.545	-3.21901e-06
355.455	-3.20932e-06
356.364	-3.1999e-06
357.273	-3.19076e-06
358.182	-3.18191e-06
359.091	-3.17334e-06
360	-3.16506e-06
360.909	-3.15707e-06
361.818	-3.14937e-06
362.727	-3.14196e-06
363.636	-3.13482e-06
364.545	-3.12796e-06
365.455	-3.12137e-06
366.364	-3.11503e-06
367.273	-3.10892e-06
368.182	-3.10305e-06
369.091	-3.09737e-06
370	-3.09188e-06
370.909	-3.08652e-06
371.818	-3.08126e-06
372.727	-3.07606e-06
373.636	-3.0709e-06
374.545	-3.06576e-06
375.455	-3.06063e-06
376.364	-3.05548e-06
377.273	-3.05031e-06
378.182	-3.0451e-06
379.091	-3.03985e-06
380	-3.03454e-06
380.909	-3.02918e-06
381.818	-3.02374e-06
382.727	-3.01822e-06
383.636	-3.01263e-06
384.545	-3.00695e-06
385.455	-3.00118e-06
386.364	-2.99531e-06
387.273	-2.98935e-06
388.182	-2.98328e-06
389.091	-2.97711e-06
390	-2.97083e-06
390.909	-2.96445e-06
391.818	-2.95795e-06
392.727	-2.95134e-06
393.636	-2.94462e-06
394.545	-2.93779e-06
395.455	-2.93084e-06
396.364	-2.92378e-06
397.273	-2.9166e-06
398.182	-2.90932e-06
399.091	-2.90192e-06
400	-2.89441e-06
400.909	-2.88679e-06
401.818	-2.87906e-06
402.727	-2.87123e-06
403.636	-2.86329e-06
404.545	-2.85526e-06
405.455	-2.84712e-06
406.364	-2.83888e-06
407.273	-2.83056e-06
408.182	-2.82214e-06
409.091	-2.81364e-06
410	-2.80506e-06
410.909	-2.79641e-06
411.818	-2.78768e-06
412.727	-2.7789e-06
413.636	-2.77005e-06
414.545	-2.76116e-06
415.455	-2.75224e-06
416.364	-2.74329e-06
417.273	-2.73433e-06
418.182	-2.72535e-06
419.091	-2.71636e-06
420	-2.70737e-06
420.909	-2.69837e-06
421.818	-2.68938e-06
422.727	-2.6804e-06
423.636	-2.67143e-06
424.545	-2.66248e-06
425.455	-2.65354e-06
426.364	-2.64462e-06
427.273	-2.63572e-06
428.182	-2.62684e-06
429.091	-2.618e-06
430	-2.60918e-06
430.909	-2.60039e-06
431.818	-2.59163e-06
432.727	-2.58291e-06
433.636	-2.57422e-06
434.545	-2.56557e-06
435.455	-2.55696e-06
436.364	-2.54838e-06
437.273	-2.53985e-06
438.182	-2.53136e-06
439.091	-2.52291e-06
440	-2.5145e-06
440.909	-2.50614e-06
441.818	-2.49783e-06
442.727	-2.48956e-06
443.636	-2.48133e-06
444.545	-2.47315e-06
445.455	-2.46502e-06
446.364	-2.45694e-06
447.273	-2.4489e-06
448.182	-2.44091e-06
449.091	-2.43297e-06
450	-2.42508e-06
450.909	-2.41724e-06
451.818	-2.40944e-06
452.727	-2.4017e-06
453.636	-2.39399e-06
454.545	-2.38634e-06
455.455	-2.37873e-06
456.364	-2.37117e-06
457.273	-2.36366e-06
458.182	-2.35619e-06
459.091	-2.34876e-06
460	-2.34138e-06
460.909	-2.33404e-06
461.818	-2.32673e-06
462.727	-2.31947e-06
463.636	-2.31224e-06
464.545	-2.30504e-06
465.455	-2.29788e-06
466.364	-2.29075e-06
467.273	-2.28364e-06
468.182	-2.27656e-06
469.091	-2.26952e-06
470	-2.26249e-06
470.909	-2.2555e-06
471.818	-2.24852e-06
472.727	-2.24158e-06
473.636	-2.23465e-06
474.545	-2.22776e-06
475.455	-2.22088e-06
476.364	-2.21403e-06
477.273	-2.20719e-06
478.182	-2.20039e-06
479.091	-2.1936e-06
480	-2.18683e-06
480.909	-2.18008e-06
481.818	-2.17336e-06
482.727	-2.16665e-06
483.636	-2.15997e-06
484.545	-2.1533e-06
485.455	-2.14666e-06
486.364	-2.14003e-06
487.273	-2.13343e-06
488.182	-2.12684e-06
489.091	-2.12027e-06
490	-2.11372e-06
490.909	-2.10719e-06
491.818	-2.10067e-06
492.727	-2.09418e-06
493.636	-2.0877e-06
494.545	-2.08124e-06
495.455	-2.0748e-06
496.364	-2.06838e-06
497.273	-2.06198e-06
498.182	-2.05559e-06
499.091	-2.04922e-06
500	-2.04287e-06
500.909	-2.03654e-06
501.818	-2.03022e-06
502.727	-2.02393e-06
503.636	-2.01765e-06
504.545	-2.01138e-06
505.455	-2.00514e-06
506.364	-1.99891e-06
507.273	-1.99271e-06
508.182	-1.98652e-06
509.091	-1.98034e-06
510	-1.97419e-06
510.909	-1.96805e-06
511.818	-1.96193e-06
512.727	-1.95583e-06
513.636	-1.94975e-06
514.545	-1.94369e-06
515.455	-1.93764e-06
516.364	-1.93162e-06
517.273	-1.9256e-06
518.182	-1.91961e-06
519.091	-1.91364e-06
520	-1.9077e-06
520.909	-1.90177e-06
521.818	-1.89586e-06
522.727	-1.88997e-06
523.636	-1.8841e-06
524.545	-1.87826e-06
525.455	-1.87243e-06
526.364	-1.86662e-06
527.273	-1.86084e-06
528.182	-1.85508e-06
529.091	-1.84933e-06
530	-1.84361e-06
530.909	-1.83791e-06
531.818	-1.83224e-06
532.727	-1.82658e-06
533.636	-1.82095e-06
534.545	-1.81534e-06
535.455	-1.80974e-06
536.364	-1.80418e-06
537.273	-1.79863e-06
538.182	-1.7931e-06
539.091	-1.7876e-06
540	-1.78212e-06
540.909	-1.77666e-06
541.818	-1.77122e-06
542.727	-1.76581e-06
543.636	-1.76041e-06
544.545	-1.75504e-06
545.455	-1.74969e-06
546.364	-1.74436e-06
547.273	-1.73906e-06
548.182	-1.73377e-06
549.091	-1.72851e-06
550	-1.72327e-06
550.909	-1.71805e-06
551.818	-1.71285e-06
552.727	-1.70768e-06
553.636	-1.70252e-06
554.545	-1.69739e-06
555.455	-1.69228e-06
556.364	-1.68719e-06
557.273	-1.68212e-06
558.182	-1.67708e-06
559.091	-1.67205e-06
560	-1.66705e-06
560.909	-1.66207e-06
561.818	-1.65711e-06
562.727	-1.65217e-06
563.636	-1.64725e-06
564.545	-1.64235e-06
565.455	-1.63747e-06
566.364	-1.63261e-06
567.273	-1.62778e-06
568.182	-1.62296e-06
569.091	-1.61817e-06
570	-1.6134e-06
570.909	-1.60864e-06
571.818	-1.60391e-06
572.727	-1.59919e-06
573.636	-1.5945e-06
574.545	-1.58983e-06
575.455	-1.58518e-06
576.364	-1.58054e-06
577.273	-1.57593e-06
578.182	-1.57134e-06
579.091	-1.56676e-06
580	-1.56221e-06
580.909	-1.55767e-06
581.818	-1.55315e-06
582.727	-1.54866e-06
583.636	-1.54418e-06
584.545	-1.53971e-06
585.455	-1.53527e-06
586.364	-1.53085e-06
587.273	-1.52644e-06
588.182	-1.52205e-06
589.091	-1.51767e-06
590	-1.51332e-06
590.909	-1.50898e-06
591.818	-1.50466e-06
592.727	-1.50035e-06
593.636	-1.49606e-06
594.545	-1.49179e-06
595.455	-1.48753e-06
596.364	-1.48329e-06
597.273	-1.47907e-06
598.182	-1.47486e-06
599.091	-1.47067e-06
600	-1.4665e-06
600.909	-1.46234e-06
601.818	-1.45819e-06
602.727	-1.45406e-06
603.636	-1.44995e-06
604.545	-1.44585e-06
605.455	-1.44177e-06
606.364	-1.4377e-06
607.273	-1.43365e-06
608.182	-1.42961e-06
609.091	-1.42559e-06
610	-1.42158e-06
610.909	-1.41759e-06
611.818	-1.41362e-06
612.727	-1.40965e-06
613.636	-1.40571e-06
614.545	-1.40177e-06
615.455	-1.39785e-06
616.364	-1.39395e-06
617.273	-1.39006e-06
618.182	-1.38618e-06
619.091	-1.38232e-06
620	-1.37848e-06
620.909	-1.37464e-06
621.818	-1.37083e-06
622.727	-1.36702e-06
623.636	-1.36323e-06
624.545	-1.35945e-06
625.455	-1.35569e-06
626.364	-1.35194e-06
627.273	-1.34821e-06
628.182	-1.34448e-06
629.091	-1.34078e-06
630	-1.33708e-06
630.909	-1.3334e-06
631.818	-1.32973e-06
632.727	-1.32608e-06
633.636	-1.32244e-06
634.545	-1.31881e-06
635.455	-1.3152e-06
636.364	-1.3116e-06
637.273	-1.30801e-06
638.182	-1.30443e-06
639.091	-1.30087e-06
640	-1.29732e-06
640.909	-1.29379e-06
641.818	-1.29027e-06
642.727	-1.28676e-06
643.636	-1.28326e-06
644.545	-1.27978e-06
645.455	-1.2763e-06
646.364	-1.27285e-06
647.273	-1.2694e-06
648.182	-1.26597e-06
649.091	-1.26255e-06
650	-1.25914e-06
650.909	-1.25574e-06
651.818	-1.25236e-06
652.727	-1.24899e-06
653.636	-1.24564e-06
654.545	-1.24229e-06
655.455	-1.23896e-06
656.364	-1.23564e-06
657.273	-1.23233e-06
658.182	-1.22903e-06
659.091	-1.22575e-06
660	-1.22248e-06
660.909	-1.21922e-06
661.818	-1.21598e-06
662.727	-1.21274e-06
663.636	-1.20952e-06
664.545	-1.20631e-06
665.455	-1.20311e-06
666.364	-1.19993e-06
667.273	-1.19675e-06
668.182	-1.19359e-06
669.091	-1.19044e-06
670	-1.1873e-06
670.909	-1.18418e-06
671.818	-1.18106e-06
672.727	-1.17796e-06
673.636	-1.17487e-06
674.545	-1.17179e-06
675.455	-1.16872e-06
676.364	-1.16567e-06
677.273	-1.16262e-06
678.182	-1.15959e-06
679.091	-1.15657e-06
680	-1.15356e-06
680.909	-1.15056e-06
681.818	-1.14757e-06
682.727	-1.1446e-06
683.636	-1.14163e-06
684.545	-1.13868e-06
685.455	-1.13574e-06
686.364	-1.13281e-06
687.273	-1.12989e-06
688.182	-1.12698e-06
689.091	-1.12408e-06
690	-1.12119e-06
690.909	-1.11832e-06
691.818	-1.11545e-06
692.727	-1.1126e-06
693.636	-1.10975e-06
694.545	-1.10692e-06
695.455	-1.1041e-06
696.364	-1.10129e-06
697.273	-1.09849e-06
698.182	-1.0957e-06
699.091	-1.09292e-06
700	-1.09015e-06
700.909	-1.08739e-06
701.818	-1.08465e-06
702.727	-1.08191e-06
703.636	-1.07918e-06
704.545	-1.07646e-06
705.455	-1.07376e-06
706.364	-1.07106e-06
707.273	-1.06838e-06
708.182	-1.0657e-06
709.091	-1.06303e-06
710	-1.06038e-06
710.909	-1.05773e-06
711.818	-1.0551e-06
712.727	-1.05247e-06
713.636	-1.04986e-06
714.545	-1.04725e-06
715.455	-1.04465e-06
716.364	-1.04207e-06
717.273	-1.03949e-06
718.182	-1.03692e-06
719.091	-1.03437e-06
720	-1.03182e-06
720.909	-1.02928e-06
721.818	-1.02675e-06
722.727	-1.02423e-06
723.636	-1.02172e-06
724.545	-1.01922e-06
725.455	-1.01673e-06
726.364	-1.01424e-06
727.273	-1.01177e-06
728.182	-1.0093e-06
729.091	-1.00685e-06
730	-1.0044e-06
730.909	-1.00196e-06
731.818	-9.99534e-07
732.727	-9.97114e-07
733.636	-9.94702e-07
734.545	-9.92299e-07
735.455	-9.89904e-07
736.364	-9.87518e-07
737.273	-9.8514e-07
738.182	-9.82771e-07
739.091	-9.8041e-07
740	-9.78057e-07
740.909	-9.75713e-07
741.818	-9.73376e-07
742.727	-9.71048e-07
743.636	-9.68728e-07
744.545	-9.66416e-07
745.455	-9.64113e-07
746.364	-9.61817e-07
747.273	-9.59529e-07
748.182	-9.57249e-07
749.091	-9.54977e-07
750	-9.52712e-07
750.909	-9.50456e-07
751.818	-9.48207e-07
752.727	-9.45966e-07
753.636	-9.43733e-07
754.545	-9.41507e-07
755.455	-9.39289e-07
756.364	-9.37079e-07
757.273	-9.34876e-07
758.182	-9.32681e-07
759.091	-9.30493e-07
760	-9.28312e-07
760.909	-9.26139e-07
761.818	-9.23973e-07
762.727	-9.21815e-07
763.636	-9.19663e-07
764.545	-9.1752e-07
765.455	-9.15383e-07
766.364	-9.13253e-07
767.273	-9.11131e-07
768.182	-9.09016e-07
769.091	-9.06908e-07
770	-9.04807e-07
770.909	-9.02713e-07
771.818	-9.00626e-07
772.727	-8.98546e-07
773.636	-8.96473e-07
774.545	-8.94407e-07
775.455	-8.92347e-07
776.364	-8.90295e-07
777.273	-8.88249e-07
778.182	-8.8621e-07
779.091	-8.84178e-07
780	-8.82153e-07
780.909	-8.80134e-07
781.818	-8.78122e-07
782.727	-8.76117e-07
783.636	-8.74118e-07
784.545	-8.72126e-07
785.455	-8.7014e-07
786.364	-8.68161e-07
787.273	-8.66188e-07
788.182	-8.64222e-07
789.091	-8.62262e-07
790	-8.60309e-07
790.909	-8.58362e-07
791.818	-8.56422e-07
792.727	-8.54487e-07
793.636	-8.52559e-07
794.545	-8.50638e-07
795.455	-8.48722e-07
796.364	-8.46813e-07
797.273	-8.4491e-07
798.182	-8.43013e-07
799.091	-8.41122e-07
800	-8.39238e-07
800.909	-8.37359e-07
801.818	-8.35487e-07
802.727	-8.3362e-07
803.636	-8.3176e-07
804.545	-8.29905e-07
805.455	-8.28057e-07
806.364	-8.26214e-07
807.273	-8.24377e-07
808.182	-8.22546e-07
809.091	-8.20721e-07
810	-8.18902e-07
810.909	-8.17088e-07
811.818	-8.15281e-07
812.727	-8.13479e-07
813.636	-8.11683e-07
814.545	-8.09892e-07
815.455	-8.08107e-07
816.364	-8.06328e-07
817.273	-8.04554e-07
818.182	-8.02786e-07
819.091	-8.01023e-07
820	-7.99266e-07
820.909	-7.97514e-07
821.818	-7.95768e-07
822.727	-7.94027e-07
823.636	-7.92292e-07
824.545	-7.90561e-07
825.455	-7.88837e-07
826.364	-7.87117e-07
827.273	-7.85403e-07
828.182	-7.83695e-07
829.091	-7.81991e-07
830	-7.80293e-07
830.909	-7.786e-07
831.818	-7.76912e-07
832.727	-7.75229e-07
833.636	-7.73551e-07
834.545	-7.71879e-07
835.455	-7.70212e-07
836.364	-7.68549e-07
837.273	-7.66892e-07
838.182	-7.6524e-07
839.091	-7.63593e-07
840	-7.61951e-07
840.909	-7.60314e-07
841.818	-7.58681e-07
842.727	-7.57054e-07
843.636	-7.55432e-07
844.545	-7.53814e-07
845.455	-7.52202e-07
846.364	-7.50594e-07
847.273	-7.48991e-07
848.182	-7.47393e-07
849.091	-7.458e-07
850	-7.44212e-07
850.909	-7.42628e-07
851.818	-7.41049e-07
852.727	-7.39475e-07
853.636	-7.37905e-07
854.545	-7.36341e-07
855.455	-7.34781e-07
856.364	-7.33225e-07
857.273	-7.31674e-07
858.182	-7.30128e-07
859.091	-7.28587e-07
860	-7.2705e-07
860.909	-7.25517e-07
861.818	-7.2399e-07
862.727	-7.22466e-07
863.636	-7.20948e-07
864.545	-7.19433e-07
865.455	-7.17923e-07
866.364	-7.16418e-07
867.273	-7.14917e-07
868.182	-7.13421e-07
869.091	-7.11929e-07
870	-7.10441e-07
870.909	-7.08958e-07
871.818	-7.07479e-07
872.727	-7.06005e-07
873.636	-7.04535e-07
874.545	-7.03069e-07
875.455	-7.01607e-07
876.364	-7.0015e-07
877.273	-6.98697e-07
878.182	-6.97249e-07
879.091	-6.95804e-07
880	-6.94364e-07
880.909	-6.92928e-07
881.818	-6.91496e-07
882.727	-6.90069e-07
883.636	-6.88645e-07
884.545	-6.87226e-07
885.455	-6.85811e-07
886.364	-6.844e-07
887.273	-6.82993e-07
888.182	-6.81591e-07
889.091	-6.80192e-07
890	-6.78797e-07
890.909	-6.77407e-07
891.818	-6.7602e-07
892.727	-6.74638e-07
893.636	-6.7326e-07
894.545	-6.71885e-07
895.455	-6.70515e-07
896.364	-6.69148e-07
897.273	-6.67786e-07
898.182	-6.66427e-07
899.091	-6.65073e-07
900	-6.63722e-07
900.909	-6.62375e-07
901.818	-6.61032e-07
902.727	-6.59693e-07
903.636	-6.58358e-07
904.545	-6.57027e-07
905.455	-6.55699e-07
906.364	-6.54376e-07
907.273	-6.53056e-07
908.182	-6.5174e-07
909.091	-6.50428e-07
910	-6.4912e-07
910.909	-6.47815e-07
911.818	-6.46514e-07
912.727	-6.45217e-07
913.636	-6.43924e-07
914.545	-6.42634e-07
915.455	-6.41348e-07
916.364	-6.40066e-07
917.273	-6.38787e-07
918.182	-6.37512e-07
919.091	-6.36241e-07
920	-6.34973e-07
920.909	-6.33709e-07
921.818	-6.32449e-07
922.727	-6.31192e-07
923.636	-6.29939e-07
924.545	-6.2869e-07
925.455	-6.27444e-07
926.364	-6.26201e-07
927.273	-6.24963e-07
928.182	-6.23727e-07
929.091	-6.22496e-07
930	-6.21267e-07
930.909	-6.20043e-07
931.818	-6.18821e-07
932.727	-6.17604e-07
933.636	-6.16389e-07
934.545	-6.15179e-07
935.455	-6.13971e-07
936.364	-6.12767e-07
937.273	-6.11567e-07
938.182	-6.1037e-07
939.091	-6.09176e-07
940	-6.07986e-07
940.909	-6.06799e-07
941.818	-6.05616e-07
942.727	-6.04435e-07
943.636	-6.03259e-07
944.545	-6.02085e-07
945.455	-6.00915e-07
946.364	-5.99748e-07
947.273	-5.98585e-07
948.182	-5.97425e-07
949.091	-5.96268e-07
950	-5.95114e-07
950.909	-5.93964e-07
951.818	-5.92816e-07
952.727	-5.91673e-07
953.636	-5.90532e-07
954.545	-5.89395e-07
955.455	-5.8826e-07
956.364	-5.87129e-07
957.273	-5.86001e-07
958.182	-5.84877e-07
959.091	-5.83755e-07
960	-5.82637e-07
960.909	-5.81522e-07
961.818	-5.8041e-07
962.727	-5.79301e-07
963.636	-5.78195e-07
964.545	-5.77092e-07
965.455	-5.75993e-07
966.364	-5.74896e-07
967.273	-5.73803e-07
968.182	-5.72712e-07
969.091	-5.71625e-07
970	-5.70541e-07
970.909	-5.69459e-07
971.818	-5.68381e-07
972.727	-5.67306e-07
973.636	-5.66234e-07
974.545	-5.65165e-07
975.455	-5.64098e-07
976.364	-5.63035e-07
977.273	-5.61975e-07
978.182	-5.60917e-07
979.091	-5.59863e-07
980	-5.58812e-07
980.909	-5.57763e-07
981.818	-5.56717e-07
982.727	-5.55675e-07
983.636	-5.54635e-07
984.545	-5.53598e-07
985.455	-5.52564e-07
986.364	-5.51533e-07
987.273	-5.50504e-07
988.182	-5.49479e-07
989.091	-5.48456e-07
990	-5.47436e-07
990.909	-5.46419e-07
991.818	-5.45405e-07
992.727	-5.44393e-07
993.636	-5.43385e-07
994.545	-5.42379e-07
995.455	-5.41376e-07
996.364	-5.40375e-07
997.273	-5.39378e-07
998.182	-5.38383e-07
999.091	-5.37391e-07
1000	-5.36401e-07
1000.91	-5.35414e-07
1001.82	-5.3443e-07
1002.73	-5.33449e-07
1003.64	-5.3247e-07
1004.55	-5.31494e-07
1005.45	-5.30521e-07
1006.36	-5.2955e-07
1007.27	-5.28582e-07
1008.18	-5.27617e-07
1009.09	-5.26654e-07
1010	-5.25694e-07
1010.91	-5.24736e-07
1011.82	-5.23781e-07
1012.73	-5.22829e-07
1013.64	-5.21879e-07
1014.55	-5.20932e-07
1015.45	-5.19987e-07
1016.36	-5.19045e-07
1017.27	-5.18105e-07
1018.18	-5.17168e-07
1019.09	-5.16233e-07
1020	-5.15301e-07
1020.91	-5.14371e-07
1021.82	-5.13444e-07
1022.73	-5.12519e-07
1023.64	-5.11597e-07
1024.55	-5.10677e-07
1025.45	-5.0976e-07
1026.36	-5.08845e-07
1027.27	-5.07932e-07
1028.18	-5.07022e-07
1029.09	-5.06114e-07
1030	-5.05209e-07
1030.91	-5.04306e-07
1031.82	-5.03405e-07
1032.73	-5.02507e-07
1033.64	-5.01611e-07
1034.55	-5.00717e-07
1035.45	-4.99826e-07
1036.36	-4.98937e-07
1037.27	-4.9805e-07
1038.18	-4.97166e-07
1039.09	-4.96284e-07
1040	-4.95404e-07
1040.91	-4.94527e-07
1041.82	-4.93651e-07
1042.73	-4.92778e-07
1043.64	-4.91908e-07
1044.55	-4.91039e-07
1045.45	-4.90173e-07
1046.36	-4.89309e-07
1047.27	-4.88447e-07
1048.18	-4.87588e-07
1049.09	-4.86731e-07
1050	-4.85875e-07
1050.91	-4.85023e-07
1051.82	-4.84172e-07
1052.73	-4.83323e-07
1053.64	-4.82477e-07
1054.55	-4.81633e-07
1055.45	-4.80791e-07
1056.36	-4.79951e-07
1057.27	-4.79113e-07
1058.18	-4.78277e-07
1059.09	-4.77444e-07
1060	-4.76613e-07
1060.91	-4.75783e-07
1061.82	-4.74956e-07
1062.73	-4.74131e-07
1063.64	-4.73308e-07
1064.55	-4.72487e-07
1065.45	-4.71669e-07
1066.36	-4.70852e-07
1067.27	-4.70037e-07
1068.18	-4.69225e-07
1069.09	-4.68414e-07
1070	-4.67606e-07
1070.91	-4.66799e-07
1071.82	-4.65995e-07
1072.73	-4.65193e-07
1073.64	-4.64392e-07
1074.55	-4.63594e-07
1075.45	-4.62798e-07
1076.36	-4.62003e-07
1077.27	-4.61211e-07
1078.18	-4.6042e-07
1079.09	-4.59632e-07
1080	-4.58846e-07
1080.91	-4.58061e-07
1081.82	-4.57279e-07
1082.73	-4.56498e-07
1083.64	-4.5572e-07
1084.55	-4.54943e-07
1085.45	-4.54168e-07
1086.36	-4.53395e-07
1087.27	-4.52625e-07
1088.18	-4.51856e-07
1089.09	-4.51089e-07
1090	-4.50323e-07
1090.91	-4.4956e-07
1091.82	-4.48799e-07
1092.73	-4.48039e-07
1093.64	-4.47282e-07
1094.55	-4.46526e-07
1095.45	-4.45772e-07
1096.36	-4.4502e-07
1097.27	-4.4427e-07
1098.18	-4.43522e-07
1099.09	-4.42775e-07
1100	-4.42031e-07
1100.91	-4.41288e-07
1101.82	-4.40547e-07
1102.73	-4.39808e-07
1103.64	-4.3907e-07
1104.55	-4.38335e-07
1105.45	-4.37601e-07
1106.36	-4.36869e-07
1107.27	-4.36139e-07
1108.18	-4.35411e-07
1109.09	-4.34684e-07
1110	-4.33959e-07
1110.91	-4.33236e-07
1111.82	-4.32515e-07
1112.73	-4.31795e-07
1113.64	-4.31078e-07
1114.55	-4.30362e-07
1115.45	-4.29647e-07
1116.36	-4.28935e-07
1117.27	-4.28224e-07
1118.18	-4.27515e-07
1119.09	-4.26807e-07
1120	-4.26102e-07
1120.91	-4.25398e-07
1121.82	-4.24696e-07
1122.73	-4.23995e-07
1123.64	-4.23296e-07
1124.55	-4.22599e-07
1125.45	-4.21903e-07
1126.36	-4.21209e-07
1127.27	-4.20517e-07
1128.18	-4.19827e-07
1129.09	-4.19138e-07
1130	-4.18451e-07
1130.91	-4.17765e-07
1131.82	-4.17081e-07
1132.73	-4.16399e-07
1133.64	-4.15718e-07
1134.55	-4.15039e-07
1135.45	-4.14361e-07
1136.36	-4.13686e-07
1137.27	-4.13011e-07
1138.18	-4.12339e-07
1139.09	-4.11668e-07
1140	-4.10998e-07
1140.91	-4.1033e-07
1141.82	-4.09664e-07
1142.73	-4.08999e-07
1143.64	-4.08336e-07
1144.55	-4.07675e-07
1145.45	-4.07015e-07
1146.36	-4.06356e-07
1147.27	-4.05699e-07
1148.18	-4.05044e-07
1149.09	-4.0439e-07
1150	-4.03738e-07
1150.91	-4.03087e-07
1151.82	-4.02437e-07
1152.73	-4.0179e-07
1153.64	-4.01143e-07
1154.55	-4.00499e-07
1155.45	-3.99855e-07
1156.36	-3.99214e-07
1157.27	-3.98573e-07
1158.18	-3.97935e-07
1159.09	-3.97297e-07
1160	-3.96662e-07
1160.91	-3.96027e-07
1161.82	-3.95394e-07
1162.73	-3.94763e-07
1163.64	-3.94133e-07
1164.55	-3.93505e-07
1165.45	-3.92878e-07
1166.36	-3.92252e-07
1167.27	-3.91628e-07
1168.18	-3.91005e-07
1169.09	-3.90384e-07
1170	-3.89764e-07
1170.91	-3.89146e-07
1171.82	-3.88529e-07
1172.73	-3.87913e-07
1173.64	-3.87299e-07
1174.55	-3.86686e-07
1175.45	-3.86075e-07
1176.36	-3.85465e-07
1177.27	-3.84856e-07
1178.18	-3.84249e-07
1179.09	-3.83643e-07
1180	-3.83039e-07
1180.91	-3.82436e-07
1181.82	-3.81834e-07
1182.73	-3.81234e-07
1183.64	-3.80635e-07
1184.55	-3.80037e-07
1185.45	-3.79441e-07
1186.36	-3.78846e-07
1187.27	-3.78253e-07
1188.18	-3.77661e-07
1189.09	-3.7707e-07
1190	-3.7648e-07
1190.91	-3.75892e-07
1191.82	-3.75305e-07
1192.73	-3.7472e-07
1193.64	-3.74136e-07
1194.55	-3.73553e-07
1195.45	-3.72971e-07
1196.36	-3.72391e-07
1197.27	-3.71812e-07
1198.18	-3.71234e-07
1199.09	-3.70658e-07
1200	-3.70083e-07
1200.91	-3.69509e-07
1201.82	-3.68937e-07
1202.73	-3.68366e-07
1203.64	-3.67796e-07
1204.55	-3.67227e-07
1205.45	-3.6666e-07
1206.36	-3.66094e-07
1207.27	-3.65529e-07
1208.18	-3.64965e-07
1209.09	-3.64403e-07
1210	-3.63842e-07
1210.91	-3.63282e-07
1211.82	-3.62723e-07
1212.73	-3.62166e-07
1213.64	-3.6161e-07
1214.55	-3.61055e-07
1215.45	-3.60501e-07
1216.36	-3.59949e-07
1217.27	-3.59398e-07
1218.18	-3.58848e-07
1219.09	-3.58299e-07
1220	-3.57752e-07
1220.91	-3.57205e-07
1221.82	-3.5666e-07
1222.73	-3.56116e-07
1223.64	-3.55574e-07
1224.55	-3.55032e-07
1225.45	-3.54492e-07
1226.36	-3.53953e-07
1227.27	-3.53415e-07
1228.18	-3.52878e-07
1229.09	-3.52342e-07
1230	-3.51808e-07
1230.91	-3.51274e-07
1231.82	-3.50742e-07
1232.73	-3.50211e-07
1233.64	-3.49682e-07
1234.55	-3.49153e-07
1235.45	-3.48626e-07
1236.36	-3.48099e-07
1237.27	-3.47574e-07
1238.18	-3.4705e-07
1239.09	-3.46527e-07
1240	-3.46005e-07
1240.91	-3.45485e-07
1241.82	-3.44965e-07
1242.73	-3.44447e-07
1243.64	-3.4393e-07
1244.55	-3.43414e-07
1245.45	-3.42899e-07
1246.36	-3.42385e-07
1247.27	-3.41872e-07
1248.18	-3.4136e-07
1249.09	-3.4085e-07
1250	-3.4034e-07
1250.91	-3.39832e-07
1251.82	-3.39324e-07
1252.73	-3.38818e-07
1253.64	-3.38313e-07
1254.55	-3.37809e-07
1255.45	-3.37306e-07
1256.36	-3.36804e-07
1257.27	-3.36304e-07
1258.18	-3.35804e-07
1259.09	-3.35305e-07
1260	-3.34808e-07
1260.91	-3.34311e-07
1261.82	-3.33816e-07
1262.73	-3.33321e-07
1263.64	-3.32828e-07
1264.55	-3.32335e-07
1265.45	-3.31844e-07
1266.36	-3.31354e-07
1267.27	-3.30865e-07
1268.18	-3.30377e-07
1269.09	-3.29889e-07
1270	-3.29403e-07
1270.91	-3.28918e-07
1271.82	-3.28434e-07
1272.73	-3.27951e-07
1273.64	-3.27469e-07
1274.55	-3.26988e-07
1275.45	-3.26508e-07
1276.36	-3.26029e-07
1277.27	-3.25551e-07
1278.18	-3.25074e-07
1279.09	-3.24598e-07
1280	-3.24123e-07
1280.91	-3.23649e-07
1281.82	-3.23176e-07
1282.73	-3.22704e-07
1283.64	-3.22233e-07
1284.55	-3.21763e-07
1285.45	-3.21294e-07
1286.36	-3.20826e-07
1287.27	-3.20359e-07
1288.18	-3.19892e-07
1289.09	-3.19427e-07
1290	-3.18963e-07
1290.91	-3.185e-07
1291.82	-3.18037e-07
1292.73	-3.17576e-07
1293.64	-3.17115e-07
1294.55	-3.16656e-07
1295.45	-3.16197e-07
1296.36	-3.1574e-07
1297.27	-3.15283e-07
1298.18	-3.14827e-07
1299.09	-3.14372e-07
1300	-3.13918e-07
1300.91	-3.13465e-07
1301.82	-3.13013e-07
1302.73	-3.12562e-07
1303.64	-3.12112e-07
1304.55	-3.11663e-07
1305.45	-3.11214e-07
1306.36	-3.10767e-07
1307.27	-3.1032e-07
1308.18	-3.09875e-07
1309.09	-3.0943e-07
1310	-3.08986e-07
1310.91	-3.08543e-07
1311.82	-3.08101e-07
1312.73	-3.0766e-07
1313.64	-3.0722e-07
1314.55	-3.06781e-07
1315.45	-3.06342e-07
1316.36	-3.05905e-07
1317.27	-3.05468e-07
1318.18	-3.05032e-07
1319.09	-3.04597e-07
1320	-3.04163e-07
1320.91	-3.0373e-07
1321.82	-3.03298e-07
1322.73	-3.02866e-07
1323.64	-3.02436e-07
1324.55	-3.02006e-07
1325.45	-3.01577e-07
1326.36	-3.01149e-07
1327.27	-3.00722e-07
1328.18	-3.00296e-07
1329.09	-2.9987e-07
1330	-2.99446e-07
1330.91	-2.99022e-07
1331.82	-2.98599e-07
1332.73	-2.98177e-07
1333.64	-2.97756e-07
1334.55	-2.97336e-07
1335.45	-2.96916e-07
1336.36	-2.96498e-07
1337.27	-2.9608e-07
1338.18	-2.95663e-07
1339.09	-2.95246e-07
1340	-2.94831e-07
1340.91	-2.94417e-07
1341.82	-2.94003e-07
1342.73	-2.9359e-07
1343.64	-2.93178e-07
1344.55	-2.92767e-07
1345.45	-2.92356e-07
1346.36	-2.91947e-07
1347.27	-2.91538e-07
1348.18	-2.9113e-07
1349.09	-2.90723e-07
1350	-2.90316e-07
1350.91	-2.89911e-07
1351.82	-2.89506e-07
1352.73	-2.89102e-07
1353.64	-2.88698e-07
1354.55	-2.88296e-07
1355.45	-2.87894e-07
1356.36	-2.87494e-07
1357.27	-2.87094e-07
1358.18	-2.86694e-07
1359.09	-2.86296e-07
1360	-2.85898e-07
1360.91	-2.85501e-07
1361.82	-2.85105e-07
1362.73	-2.8471e-07
1363.64	-2.84315e-07
1364.55	-2.83921e-07
1365.45	-2.83528e-07
1366.36	-2.83136e-07
1367.27	-2.82744e-07
1368.18	-2.82353e-07
1369.09	-2.81963e-07
1370	-2.81574e-07
1370.91	-2.81186e-07
1371.82	-2.80798e-07
1372.73	-2.80411e-07
1373.64	-2.80025e-07
1374.55	-2.79639e-07
1375.45	-2.79255e-07
1376.36	-2.78871e-07
1377.27	-2.78487e-07
1378.18	-2.78105e-07
1379.09	-2.77723e-07
1380	-2.77342e-07
1380.91	-2.76962e-07
1381.82	-2.76582e-07
1382.73	-2.76203e-07
1383.64	-2.75825e-07
1384.55	-2.75448e-07
1385.45	-2.75071e-07
1386.36	-2.74696e-07
1387.27	-2.7432e-07
1388.18	-2.73946e-07
1389.09	-2.73572e-07
1390	-2.73199e-07
1390.91	-2.72827e-07
1391.82	-2.72455e-07
1392.73	-2.72085e-07
1393.64	-2.71714e-07
1394.55	-2.71345e-07
1395.45	-2.70976e-07
1396.36	-2.70608e-07
1397.27	-2.70241e-07
1398.18	-2.69874e-07
1399.09	-2.69508e-07
1400	-2.69143e-07
1400.91	-2.68779e-07
1401.82	-2.68415e-07
1402.73	-2.68052e-07
1403.64	-2.6769e-07
1404.55	-2.67328e-07
1405.45	-2.66967e-07
1406.36	-2.66607e-07
1407.27	-2.66247e-07
1408.18	-2.65888e-07
1409.09	-2.6553e-07
1410	-2.65172e-07
1410.91	-2.64815e-07
1411.82	-2.64459e-07
1412.73	-2.64104e-07
1413.64	-2.63749e-07
1414.55	-2.63395e-07
1415.45	-2.63041e-07
1416.36	-2.62688e-07
1417.27	-2.62336e-07
1418.18	-2.61985e-07
1419.09	-2.61634e-07
1420	-2.61284e-07
1420.91	-2.60934e-07
1421.82	-2.60586e-07
1422.73	-2.60237e-07
1423.64	-2.5989e-07
1424.55	-2.59543e-07
1425.45	-2.59197e-07
1426.36	-2.58852e-07
1427.27	-2.58507e-07
1428.18	-2.58163e-07
1429.09	-2.57819e-07
1430	-2.57476e-07
1430.91	-2.57134e-07
1431.82	-2.56793e-07
1432.73	-2.56452e-07
1433.64	-2.56112e-07
1434.55	-2.55772e-07
1435.45	-2.55433e-07
1436.36	-2.55095e-07
1437.27	-2.54757e-07
1438.18	-2.5442e-07
1439.09	-2.54084e-07
1440	-2.53748e-07
1440.91	-2.53413e-07
1441.82	-2.53079e-07
1442.73	-2.52745e-07
1443.64	-2.52412e-07
1444.55	-2.5208e-07
1445.45	-2.51748e-07
1446.36	-2.51416e-07
1447.27	-2.51086e-07
1448.18	-2.50756e-07
1449.09	-2.50426e-07
1450	-2.50098e-07
1450.91	-2.4977e-07
1451.82	-2.49442e-07
1452.73	-2.49115e-07
1453.64	-2.48789e-07
1454.55	-2.48463e-07
1455.45	-2.48138e-07
1456.36	-2.47814e-07
1457.27	-2.4749e-07
1458.18	-2.47167e-07
1459.09	-2.46844e-07
1460	-2.46523e-07
1460.91	-2.46201e-07
1461.82	-2.4588e-07
1462.73	-2.4556e-07
1463.64	-2.45241e-07
1464.55	-2.44922e-07
1465.45	-2.44603e-07
1466.36	-2.44286e-07
1467.27	-2.43969e-07
1468.18	-2.43652e-07
1469.09	-2.43336e-07
1470	-2.43021e-07
1470.91	-2.42706e-07
1471.82	-2.42392e-07
1472.73	-2.42078e-07
1473.64	-2.41765e-07
1474.55	-2.41453e-07
1475.45	-2.41141e-07
1476.36	-2.4083e-07
1477.27	-2.40519e-07
1478.18	-2.40209e-07
1479.09	-2.39899e-07
1480	-2.3959e-07
1480.91	-2.39282e-07
1481.82	-2.38974e-07
1482.73	-2.38667e-07
1483.64	-2.3836e-07
1484.55	-2.38054e-07
1485.45	-2.37749e-07
1486.36	-2.37444e-07
1487.27	-2.3714e-07
1488.18	-2.36836e-07
1489.09	-2.36532e-07
1490	-2.3623e-07
1490.91	-2.35928e-07
1491.82	-2.35626e-07
1492.73	-2.35325e-07
1493.64	-2.35024e-07
1494.55	-2.34724e-07
1495.45	-2.34425e-07
1496.36	-2.34126e-07
1497.27	-2.33828e-07
1498.18	-2.3353e-07
1499.09	-2.33233e-07
1500	-2.32936e-07
1500.91	-2.3264e-07
1501.82	-2.32345e-07
1502.73	-2.3205e-07
1503.64	-2.31755e-07
1504.55	-2.31461e-07
1505.45	-2.31168e-07
1506.36	-2.30875e-07
1507.27	-2.30582e-07
1508.18	-2.30291e-07
1509.09	-2.29999e-07
1510	-2.29709e-07
1510.91	-2.29418e-07
1511.82	-2.29128e-07
1512.73	-2.28839e-07
1513.64	-2.28551e-07
1514.55	-2.28262e-07
1515.45	-2.27975e-07
1516.36	-2.27688e-07
1517.27	-2.27401e-07
1518.18	-2.27115e-07
1519.09	-2.26829e-07
1520	-2.26544e-07
1520.91	-2.26259e-07
1521.82	-2.25975e-07
1522.73	-2.25692e-07
1523.64	-2.25409e-07
1524.55	-2.25126e-07
1525.45	-2.24844e-07
1526.36	-2.24562e-07
1527.27	-2.24281e-07
1528.18	-2.24001e-07
1529.09	-2.23721e-07
1530	-2.23441e-07
1530.91	-2.23162e-07
1531.82	-2.22883e-07
1532.73	-2.22605e-07
1533.64	-2.22327e-07
1534.55	-2.2205e-07
1535.45	-2.21773e-07
1536.36	-2.21497e-07
1537.27	-2.21221e-07
1538.18	-2.20946e-07
1539.09	-2.20671e-07
1540	-2.20397e-07
1540.91	-2.20123e-07
1541.82	-2.1985e-07
1542.73	-2.19577e-07
1543.64	-2.19304e-07
1544.55	-2.19032e-07
1545.45	-2.18761e-07
1546.36	-2.1849e-07
1547.27	-2.18219e-07
1548.18	-2.17949e-07
1549.09	-2.1768e-07
1550	-2.1741e-07
1550.91	-2.17142e-07
1551.82	-2.16873e-07
1552.73	-2.16605e-07
1553.64	-2.16338e-07
1554.55	-2.16071e-07
1555.45	-2.15804e-07
1556.36	-2.15538e-07
1557.27	-2.15273e-07
1558.18	-2.15007e-07
1559.09	-2.14743e-07
1560	-2.14478e-07
1560.91	-2.14214e-07
1561.82	-2.13951e-07
1562.73	-2.13688e-07
1563.64	-2.13425e-07
1564.55	-2.13163e-07
1565.45	-2.12901e-07
1566.36	-2.1264e-07
1567.27	-2.12379e-07
1568.18	-2.12119e-07
1569.09	-2.11859e-07
1570	-2.11599e-07
1570.91	-2.1134e-07
1571.82	-2.11081e-07
1572.73	-2.10822e-07
1573.64	-2.10564e-07
1574.55	-2.10307e-07
1575.45	-2.10049e-07
1576.36	-2.09793e-07
1577.27	-2.09536e-07
1578.18	-2.0928e-07
1579.09	-2.09025e-07
1580	-2.08769e-07
1580.91	-2.08515e-07
1581.82	-2.0826e-07
1582.73	-2.08006e-07
1583.64	-2.07752e-07
1584.55	-2.07499e-07
1585.45	-2.07246e-07
1586.36	-2.06993e-07
1587.27	-2.06741e-07
1588.18	-2.06489e-07
1589.09	-2.06238e-07
1590	-2.05987e-07
1590.91	-2.05736e-07
1591.82	-2.05486e-07
1592.73	-2.05235e-07
1593.64	-2.04986e-07
1594.55	-2.04736e-07
1595.45	-2.04487e-07
1596.36	-2.04239e-07
1597.27	-2.0399e-07
1598.18	-2.03742e-07
1599.09	-2.03495e-07
1600	-2.03247e-07
1600.91	-2.03e-07
1601.82	-2.02753e-07
1602.73	-2.02507e-07
1603.64	-2.02261e-07
1604.55	-2.02015e-07
1605.45	-2.0177e-07
1606.36	-2.01525e-07
1607.27	-2.0128e-07
1608.18	-2.01035e-07
1609.09	-2.00791e-07
1610	-2.00548e-07
1610.91	-2.00304e-07
1611.82	-2.00061e-07
1612.73	-1.99818e-07
1613.64	-1.99575e-07
1614.55	-1.99333e-07
1615.45	-1.99091e-07
1616.36	-1.98849e-07
1617.27	-1.98608e-07
1618.18	-1.98367e-07
1619.09	-1.98126e-07
1620	-1.97886e-07
1620.91	-1.97645e-07
1621.82	-1.97405e-07
1622.73	-1.97166e-07
1623.64	-1.96927e-07
1624.55	-1.96688e-07
1625.45	-1.96449e-07
1626.36	-1.96211e-07
1627.27	-1.95972e-07
1628.18	-1.95735e-07
1629.09	-1.95497e-07
1630	-1.9526e-07
1630.91	-1.95023e-07
1631.82	-1.94786e-07
1632.73	-1.9455e-07
1633.64	-1.94314e-07
1634.55	-1.94078e-07
1635.45	-1.93842e-07
1636.36	-1.93607e-07
1637.27	-1.93372e-07
1638.18	-1.93137e-07
1639.09	-1.92903e-07
1640	-1.92669e-07
1640.91	-1.92435e-07
1641.82	-1.92201e-07
1642.73	-1.91968e-07
1643.64	-1.91735e-07
1644.55	-1.91502e-07
1645.45	-1.9127e-07
1646.36	-1.91038e-07
1647.27	-1.90806e-07
1648.18	-1.90574e-07
1649.09	-1.90343e-07
1650	-1.90111e-07
1650.91	-1.89881e-07
1651.82	-1.8965e-07
1652.73	-1.8942e-07
1653.64	-1.8919e-07
1654.55	-1.8896e-07
1655.45	-1.8873e-07
1656.36	-1.88501e-07
1657.27	-1.88272e-07
1658.18	-1.88043e-07
1659.09	-1.87815e-07
1660	-1.87587e-07
1660.91	-1.87359e-07
1661.82	-1.87131e-07
1662.73	-1.86904e-07
1663.64	-1.86677e-07
1664.55	-1.8645e-07
1665.45	-1.86223e-07
1666.36	-1.85997e-07
1667.27	-1.85771e-07
1668.18	-1.85545e-07
1669.09	-1.8532e-07
1670	-1.85094e-07
1670.91	-1.84869e-07
1671.82	-1.84644e-07
1672.73	-1.8442e-07
1673.64	-1.84196e-07
1674.55	-1.83971e-07
1675.45	-1.83748e-07
1676.36	-1.83524e-07
1677.27	-1.83301e-07
1678.18	-1.83078e-07
1679.09	-1.82855e-07
1680	-1.82633e-07
1680.91	-1.82411e-07
1681.82	-1.82189e-07
1682.73	-1.81967e-07
1683.64	-1.81746e-07
1684.55	-1.81525e-07
1685.45	-1.81304e-07
1686.36	-1.81083e-07
1687.27	-1.80863e-07
1688.18	-1.80643e-07
1689.09	-1.80423e-07
1690	-1.80203e-07
1690.91	-1.79984e-07
1691.82	-1.79765e-07
1692.73	-1.79546e-07
1693.64	-1.79328e-07
1694.55	-1.79109e-07
1695.45	-1.78891e-07
1696.36	-1.78673e-07
1697.27	-1.78456e-07
1698.18	-1.78239e-07
1699.09	-1.78022e-07
1700	-1.77805e-07
1700.91	-1.77588e-07
1701.82	-1.77372e-07
1702.73	-1.77156e-07
1703.64	-1.76941e-07
1704.55	-1.76725e-07
1705.45	-1.7651e-07
1706.36	-1.76295e-07
1707.27	-1.76081e-07
1708.18	-1.75866e-07
1709.09	-1.75652e-07
1710	-1.75438e-07
1710.91	-1.75225e-07
1711.82	-1.75011e-07
1712.73	-1.74798e-07
1713.64	-1.74586e-07
1714.55	-1.74373e-07
1715.45	-1.74161e-07
1716.36	-1.73949e-07
1717.27	-1.73737e-07
1718.18	-1.73526e-07
1719.09	-1.73315e-07
1720	-1.73104e-07
1720.91	-1.72893e-07
1721.82	-1.72683e-07
1722.73	-1.72473e-07
1723.64	-1.72263e-07
1724.55	-1.72053e-07
1725.45	-1.71844e-07
1726.36	-1.71635e-07
1727.27	-1.71426e-07
1728.18	-1.71218e-07
1729.09	-1.7101e-07
1730	-1.70802e-07
1730.91	-1.70594e-07
1731.82	-1.70387e-07
1732.73	-1.7018e-07
1733.64	-1.69973e-07
1734.55	-1.69767e-07
1735.45	-1.69561e-07
1736.36	-1.69355e-07
1737.27	-1.69149e-07
1738.18	-1.68944e-07
1739.09	-1.68739e-07
1740	-1.68534e-07
1740.91	-1.6833e-07
1741.82	-1.68125e-07
1742.73	-1.67922e-07
1743.64	-1.67718e-07
1744.55	-1.67515e-07
1745.45	-1.67312e-07
1746.36	-1.67109e-07
1747.27	-1.66907e-07
1748.18	-1.66705e-07
1749.09	-1.66503e-07
1750	-1.66301e-07
1750.91	-1.661e-07
1751.82	-1.659e-07
1752.73	-1.65699e-07
1753.64	-1.65499e-07
1754.55	-1.65299e-07
1755.45	-1.65099e-07
1756.36	-1.649e-07
1757.27	-1.64701e-07
1758.18	-1.64503e-07
1759.09	-1.64304e-07
1760	-1.64106e-07
1760.91	-1.63909e-07
1761.82	-1.63712e-07
1762.73	-1.63515e-07
1763.64	-1.63318e-07
1764.55	-1.63122e-07
1765.45	-1.62926e-07
1766.36	-1.6273e-07
1767.27	-1.62535e-07
1768.18	-1.6234e-07
1769.09	-1.62146e-07
1770	-1.61952e-07
1770.91	-1.61758e-07
1771.82	-1.61565e-07
1772.73	-1.61372e-07
1773.64	-1.61179e-07
1774.55	-1.60987e-07
1775.45	-1.60795e-07
1776.36	-1.60604e-07
1777.27	-1.60413e-07
1778.18	-1.60222e-07
1779.09	-1.60032e-07
1780	-1.59843e-07
1780.91	-1.59653e-07
1781.82	-1.59464e-07
1782.73	-1.59276e-07
1783.64	-1.59088e-07
1784.55	-1.58901e-07
1785.45	-1.58713e-07
1786.36	-1.58527e-07
1787.27	-1.58341e-07
1788.18	-1.58155e-07
1789.09	-1.5797e-07
1790	-1.57785e-07
1790.91	-1.576e-07
1791.82	-1.57416e-07
1792.73	-1.57233e-07
1793.64	-1.5705e-07
1794.55	-1.56867e-07
1795.45	-1.56685e-07
1796.36	-1.56503e-07
1797.27	-1.56322e-07
1798.18	-1.56141e-07
1799.09	-1.55961e-07
1800	-1.55781e-07
1800.91	-1.55602e-07
1801.82	-1.55423e-07
1802.73	-1.55245e-07
1803.64	-1.55067e-07
1804.55	-1.54889e-07
1805.45	-1.54712e-07
1806.36	-1.54535e-07
1807.27	-1.54359e-07
1808.18	-1.54184e-07
1809.09	-1.54008e-07
1810	-1.53834e-07
1810.91	-1.53659e-07
1811.82	-1.53486e-07
1812.73	-1.53312e-07
1813.64	-1.5314e-07
1814.55	-1.52967e-07
1815.45	-1.52795e-07
1816.36	-1.52624e-07
1817.27	-1.52453e-07
1818.18	-1.52282e-07
1819.09	-1.52112e-07
1820	-1.51943e-07
1820.91	-1.51774e-07
1821.82	-1.51605e-07
1822.73	-1.51437e-07
1823.64	-1.51269e-07
1824.55	-1.51102e-07
1825.45	-1.50935e-07
1826.36	-1.50769e-07
1827.27	-1.50603e-07
1828.18	-1.50437e-07
1829.09	-1.50272e-07
1830	-1.50108e-07
1830.91	-1.49944e-07
1831.82	-1.4978e-07
1832.73	-1.49617e-07
1833.64	-1.49455e-07
1834.55	-1.49292e-07
1835.45	-1.49131e-07
1836.36	-1.48969e-07
1837.27	-1.48809e-07
1838.18	-1.48648e-07
1839.09	-1.48488e-07
1840	-1.48329e-07
1840.91	-1.4817e-07
1841.82	-1.48011e-07
1842.73	-1.47853e-07
1843.64	-1.47695e-07
1844.55	-1.47538e-07
1845.45	-1.47381e-07
1846.36	-1.47225e-07
1847.27	-1.47069e-07
1848.18	-1.46914e-07
1849.09	-1.46759e-07
1850	-1.46604e-07
1850.91	-1.4645e-07
1851.82	-1.46296e-07
1852.73	-1.46143e-07
1853.64	-1.4599e-07
1854.55	-1.45838e-07
1855.45	-1.45686e-07
1856.36	-1.45534e-07
1857.27	-1.45383e-07
1858.18	-1.45232e-07
1859.09	-1.45082e-07
1860	-1.44932e-07
1860.91	-1.44782e-07
1861.82	-1.44633e-07
1862.73	-1.44485e-07
1863.64	-1.44336e-07
1864.55	-1.44188e-07
1865.45	-1.44041e-07
1866.36	-1.43894e-07
1867.27	-1.43747e-07
1868.18	-1.43601e-07
1869.09	-1.43455e-07
1870	-1.4331e-07
1870.91	-1.43165e-07
1871.82	-1.4302e-07
1872.73	-1.42876e-07
1873.64	-1.42732e-07
1874.55	-1.42588e-07
1875.45	-1.42445e-07
1876.36	-1.42302e-07
1877.27	-1.4216e-07
1878.18	-1.42018e-07
1879.09	-1.41876e-07
1880	-1.41735e-07
1880.91	-1.41594e-07
1881.82	-1.41454e-07
1882.73	-1.41314e-07
1883.64	-1.41174e-07
1884.55	-1.41034e-07
1885.45	-1.40895e-07
1886.36	-1.40757e-07
1887.27	-1.40618e-07
1888.18	-1.4048e-07
1889.09	-1.40342e-07
1890	-1.40205e-07
1890.91	-1.40068e-07
1891.82	-1.39931e-07
1892.73	-1.39795e-07
1893.64	-1.39659e-07
1894.55	-1.39523e-07
1895.45	-1.39388e-07
1896.36	-1.39253e-07
1897.27	-1.39118e-07
1898.18	-1.38984e-07
1899.09	-1.38849e-07
1900	-1.38716e-07
1900.91	-1.38582e-07
1901.82	-1.38449e-07
1902.73	-1.38316e-07
1903.64	-1.38183e-07
1904.55	-1.38051e-07
1905.45	-1.37919e-07
1906.36	-1.37787e-07
1907.27	-1.37655e-07
1908.18	-1.37524e-07
1909.09	-1.37393e-07
1910	-1.37263e-07
1910.91	-1.37132e-07
1911.82	-1.37002e-07
1912.73	-1.36872e-07
1913.64	-1.36742e-07
1914.55	-1.36613e-07
1915.45	-1.36484e-07
1916.36	-1.36355e-07
1917.27	-1.36226e-07
1918.18	-1.36097e-07
1919.09	-1.35969e-07
1920	-1.35841e-07
1920.91	-1.35713e-07
1921.82	-1.35586e-07
1922.73	-1.35458e-07
1923.64	-1.35331e-07
1924.55	-1.35204e-07
1925.45	-1.35077e-07
1926.36	-1.34951e-07
1927.27	-1.34824e-07
1928.18	-1.34698e-07
1929.09	-1.34572e-07
1930	-1.34446e-07
1930.91	-1.3432e-07
1931.82	-1.34195e-07
1932.73	-1.34069e-07
1933.64	-1.33944e-07
1934.55	-1.33819e-07
1935.45	-1.33694e-07
1936.36	-1.33569e-07
1937.27	-1.33445e-07
1938.18	-1.3332e-07
1939.09	-1.33196e-07
1940	-1.33071e-07
1940.91	-1.32947e-07
1941.82	-1.32823e-07
1942.73	-1.32699e-07
1943.64	-1.32575e-07
1944.55	-1.32451e-07
1945.45	-1.32327e-07
1946.36	-1.32204e-07
1947.27	-1.3208e-07
1948.18	-1.31956e-07
1949.09	-1.31833e-07
1950	-1.31709e-07
1950.91	-1.31586e-07
1951.82	-1.31462e-07
1952.73	-1.31339e-07
1953.64	-1.31216e-07
1954.55	-1.31092e-07
1955.45	-1.30969e-07
1956.36	-1.30846e-07
1957.27	-1.30722e-07
1958.18	-1.30599e-07
1959.09	-1.30476e-07
1960	-1.30352e-07
1960.91	-1.30229e-07
1961.82	-1.30105e-07
1962.73	-1.29982e-07
1963.64	-1.29858e-07
1964.55	-1.29734e-07
1965.45	-1.2961e-07
1966.36	-1.29487e-07
1967.27	-1.29363e-07
1968.18	-1.29238e-07
1969.09	-1.29114e-07
1970	-1.2899e-07
1970.91	-1.28865e-07
1971.82	-1.28741e-07
1972.73	-1.28616e-07
1973.64	-1.28491e-07
1974.55	-1.28365e-07
1975.45	-1.2824e-07
1976.36	-1.28114e-07
1977.27	-1.27989e-07
1978.18	-1.27862e-07
1979.09	-1.27736e-07
1980	-1.27609e-07
1980.91	-1.27482e-07
1981.82	-1.27355e-07
1982.73	-1.27227e-07
1983.64	-1.27099e-07
1984.55	-1.26971e-07
1985.45	-1.26842e-07
1986.36	-1.26712e-07
1987.27	-1.26583e-07
1988.18	-1.26453e-07
1989.09	-1.26322e-07
1990	-1.26191e-07
1990.91	-1.26059e-07
1991.82	-1.25927e-07
1992.73	-1.25795e-07
1993.64	-1.25662e-07
1994.55	-1.25528e-07
1995.45	-1.25394e-07
1996.36	-1.25259e-07
1997.27	-1.25124e-07
1998.18	-1.24988e-07
1999.09	-1.24852e-07
2000	-1.24715e-07
2000.91	-1.24578e-07
2001.82	-1.2444e-07
2002.73	-1.24301e-07
2003.64	-1.24162e-07
2004.55	-1.24022e-07
2005.45	-1.23882e-07
2006.36	-1.23741e-07
2007.27	-1.236e-07
2008.18	-1.23457e-07
2009.09	-1.23315e-07
2010	-1.23171e-07
2010.91	-1.23027e-07
2011.82	-1.22883e-07
2012.73	-1.22737e-07
2013.64	-1.22591e-07
2014.55	-1.22445e-07
2015.45	-1.22298e-07
2016.36	-1.2215e-07
2017.27	-1.22001e-07
2018.18	-1.21852e-07
2019.09	-1.21702e-07
2020	-1.21552e-07
2020.91	-1.214e-07
2021.82	-1.21249e-07
2022.73	-1.21096e-07
2023.64	-1.20943e-07
2024.55	-1.20789e-07
2025.45	-1.20634e-07
2026.36	-1.20479e-07
2027.27	-1.20323e-07
2028.18	-1.20167e-07
2029.09	-1.20009e-07
2030	-1.19851e-07
2030.91	-1.19693e-07
2031.82	-1.19533e-07
2032.73	-1.19373e-07
2033.64	-1.19212e-07
2034.55	-1.19051e-07
2035.45	-1.18889e-07
2036.36	-1.18726e-07
2037.27	-1.18562e-07
2038.18	-1.18398e-07
2039.09	-1.18233e-07
2040	-1.18067e-07
2040.91	-1.17901e-07
2041.82	-1.17734e-07
2042.73	-1.17566e-07
2043.64	-1.17398e-07
2044.55	-1.17228e-07
2045.45	-1.17059e-07
2046.36	-1.16888e-07
2047.27	-1.16717e-07
2048.18	-1.16545e-07
2049.09	-1.16372e-07
2050	-1.16199e-07
2050.91	-1.16025e-07
2051.82	-1.1585e-07
2052.73	-1.15674e-07
2053.64	-1.15498e-07
2054.55	-1.15321e-07
2055.45	-1.15144e-07
2056.36	-1.14965e-07
2057.27	-1.14786e-07
2058.18	-1.14607e-07
2059.09	-1.14426e-07
2060	-1.14245e-07
2060.91	-1.14063e-07
2061.82	-1.13881e-07
2062.73	-1.13698e-07
2063.64	-1.13514e-07
2064.55	-1.1333e-07
2065.45	-1.13144e-07
2066.36	-1.12959e-07
2067.27	-1.12772e-07
2068.18	-1.12585e-07
2069.09	-1.12397e-07
2070	-1.12209e-07
2070.91	-1.12019e-07
2071.82	-1.1183e-07
2072.73	-1.11639e-07
2073.64	-1.11448e-07
2074.55	-1.11256e-07
2075.45	-1.11064e-07
2076.36	-1.10871e-07
2077.27	-1.10677e-07
2078.18	-1.10482e-07
2079.09	-1.10287e-07
2080	-1.10092e-07
2080.91	-1.09895e-07
2081.82	-1.09698e-07
2082.73	-1.09501e-07
2083.64	-1.09303e-07
2084.55	-1.09104e-07
2085.45	-1.08905e-07
2086.36	-1.08705e-07
2087.27	-1.08504e-07
2088.18	-1.08303e-07
2089.09	-1.08101e-07
2090	-1.07898e-07
2090.91	-1.07695e-07
2091.82	-1.07492e-07
2092.73	-1.07288e-07
2093.64	-1.07083e-07
2094.55	-1.06878e-07
2095.45	-1.06672e-07
2096.36	-1.06465e-07
2097.27	-1.06258e-07
2098.18	-1.06051e-07
2099.09	-1.05843e-07
2100	-1.05634e-07
2100.91	-1.05425e-07
2101.82	-1.05215e-07
2102.73	-1.05005e-07
2103.64	-1.04794e-07
2104.55	-1.04583e-07
2105.45	-1.04371e-07
2106.36	-1.04159e-07
2107.27	-1.03946e-07
2108.18	-1.03733e-07
2109.09	-1.03519e-07
2110	-1.03305e-07
2110.91	-1.0309e-07
2111.82	-1.02875e-07
2112.73	-1.0266e-07
2113.64	-1.02444e-07
2114.55	-1.02227e-07
2115.45	-1.0201e-07
2116.36	-1.01793e-07
2117.27	-1.01575e-07
2118.18	-1.01357e-07
2119.09	-1.01138e-07
2120	-1.00919e-07
2120.91	-1.007e-07
2121.82	-1.0048e-07
2122.73	-1.0026e-07
2123.64	-1.00039e-07
2124.55	-9.98181e-08
2125.45	-9.95968e-08
2126.36	-9.93751e-08
2127.27	-9.91531e-08
2128.18	-9.89307e-08
2129.09	-9.87081e-08
2130	-9.84851e-08
2130.91	-9.82618e-08
2131.82	-9.80382e-08
2132.73	-9.78143e-08
2133.64	-9.75901e-08
2134.55	-9.73656e-08
2135.45	-9.71409e-08
2136.36	-9.69159e-08
2137.27	-9.66906e-08
2138.18	-9.64651e-08
2139.09	-9.62394e-08
2140	-9.60135e-08
2140.91	-9.57873e-08
2141.82	-9.5561e-08
2142.73	-9.53344e-08
2143.64	-9.51077e-08
2144.55	-9.48808e-08
2145.45	-9.46537e-08
2146.36	-9.44265e-08
2147.27	-9.41991e-08
2148.18	-9.39716e-08
2149.09	-9.3744e-08
2150	-9.35163e-08
2150.91	-9.32885e-08
2151.82	-9.30606e-08
2152.73	-9.28326e-08
2153.64	-9.26045e-08
2154.55	-9.23764e-08
2155.45	-9.21482e-08
2156.36	-9.192e-08
2157.27	-9.16918e-08
2158.18	-9.14636e-08
2159.09	-9.12354e-08
2160	-9.10072e-08
2160.91	-9.07791e-08
2161.82	-9.0551e-08
2162.73	-9.03229e-08
2163.64	-9.00949e-08
2164.55	-8.9867e-08
2165.45	-8.96392e-08
2166.36	-8.94115e-08
2167.27	-8.9184e-08
2168.18	-8.89565e-08
2169.09	-8.87293e-08
2170	-8.85016e-08
2170.91	-8.82746e-08
2171.82	-8.80485e-08
2172.73	-8.7822e-08
2173.64	-8.75957e-08
2174.55	-8.73696e-08
2175.45	-8.71438e-08
2176.36	-8.69183e-08
2177.27	-8.66931e-08
2178.18	-8.64682e-08
2179.09	-8.62436e-08
2180	-8.60193e-08
2180.91	-8.57955e-08
2181.82	-8.55719e-08
2182.73	-8.53488e-08
2183.64	-8.51261e-08
2184.55	-8.49039e-08
2185.45	-8.4682e-08
2186.36	-8.44607e-08
2187.27	-8.42398e-08
2188.18	-8.40195e-08
2189.09	-8.37997e-08
2190	-8.35804e-08
2190.91	-8.33617e-08
2191.82	-8.31436e-08
2192.73	-8.29261e-08
2193.64	-8.27093e-08
2194.55	-8.24931e-08
2195.45	-8.22776e-08
2196.36	-8.20629e-08
2197.27	-8.18488e-08
2198.18	-8.16355e-08
2199.09	-8.1423e-08
2200	-8.12113e-08
2200.91	-8.10005e-08
2201.82	-8.07904e-08
2202.73	-8.05814e-08
2203.64	-8.03733e-08
2204.55	-8.01661e-08
2205.45	-7.99599e-08
2206.36	-7.97547e-08
2207.27	-7.95506e-08
2208.18	-7.93476e-08
2209.09	-7.91458e-08
2210	-7.89451e-08
2210.91	-7.87457e-08
2211.82	-7.85475e-08
2212.73	-7.83507e-08
2213.64	-7.81553e-08
2214.55	-7.79614e-08
2215.45	-7.77691e-08
2216.36	-7.75783e-08
2217.27	-7.73891e-08
2218.18	-7.72016e-08
2219.09	-7.70158e-08
2220	-7.68318e-08
2220.91	-7.66495e-08
2221.82	-7.6469e-08
2222.73	-7.62903e-08
2223.64	-7.61135e-08
2224.55	-7.59386e-08
2225.45	-7.57656e-08
2226.36	-7.55945e-08
2227.27	-7.54253e-08
2228.18	-7.52582e-08
2229.09	-7.50933e-08
2230	-7.49302e-08
2230.91	-7.47689e-08
2231.82	-7.46099e-08
2232.73	-7.44529e-08
2233.64	-7.42981e-08
2234.55	-7.41454e-08
2235.45	-7.39949e-08
2236.36	-7.38465e-08
2237.27	-7.37003e-08
2238.18	-7.35562e-08
2239.09	-7.34144e-08
2240	-7.32748e-08
2240.91	-7.31374e-08
2241.82	-7.30023e-08
2242.73	-7.28694e-08
2243.64	-7.27388e-08
2244.55	-7.26105e-08
2245.45	-7.24844e-08
2246.36	-7.23607e-08
2247.27	-7.22393e-08
2248.18	-7.21202e-08
2249.09	-7.20035e-08
2250	-7.18891e-08
2250.91	-7.17771e-08
2251.82	-7.16674e-08
2252.73	-7.15601e-08
2253.64	-7.14552e-08
2254.55	-7.13527e-08
2255.45	-7.12525e-08
2256.36	-7.11548e-08
2257.27	-7.10595e-08
2258.18	-7.09666e-08
2259.09	-7.08761e-08
2260	-7.07881e-08
2260.91	-7.07024e-08
2261.82	-7.06193e-08
2262.73	-7.05385e-08
2263.64	-7.04602e-08
2264.55	-7.03844e-08
2265.45	-7.0311e-08
2266.36	-7.02401e-08
2267.27	-7.01716e-08
2268.18	-7.01056e-08
2269.09	-7.00421e-08
2270	-6.9981e-08
2270.91	-6.99224e-08
2271.82	-6.98663e-08
2272.73	-6.98127e-08
2273.64	-6.97615e-08
2274.55	-6.97128e-08
2275.45	-6.96666e-08
2276.36	-6.96228e-08
2277.27	-6.95816e-08
2278.18	-6.95428e-08
2279.09	-6.95065e-08
2280	-6.94726e-08
2280.91	-6.94413e-08
2281.82	-6.94124e-08
2282.73	-6.9386e-08
2283.64	-6.9362e-08
2284.55	-6.93405e-08
2285.45	-6.93215e-08
2286.36	-6.9305e-08
2287.27	-6.92909e-08
2288.18	-6.92793e-08
2289.09	-6.92701e-08
2290	-6.92634e-08
2290.91	-6.92591e-08
2291.82	-6.92573e-08
2292.73	-6.92579e-08
2293.64	-6.92609e-08
2294.55	-6.92664e-08
2295.45	-6.92743e-08
2296.36	-6.92846e-08
2297.27	-6.92974e-08
2298.18	-6.93125e-08
2299.09	-6.93301e-08
2300	-6.93501e-08
2300.91	-6.93724e-08
2301.82	-6.93971e-08
2302.73	-6.94242e-08
2303.64	-6.94537e-08
2304.55	-6.94856e-08
2305.45	-6.95198e-08
2306.36	-6.95564e-08
2307.27	-6.95953e-08
2308.18	-6.96365e-08
2309.09	-6.96801e-08
2310	-6.9726e-08
2310.91	-6.97742e-08
2311.82	-6.98246e-08
2312.73	-6.98774e-08
2313.64	-6.99325e-08
2314.55	-6.99899e-08
2315.45	-7.00495e-08
2316.36	-7.01113e-08
2317.27	-7.01754e-08
2318.18	-7.02418e-08
2319.09	-7.03103e-08
2320	-7.03811e-08
2320.91	-7.04541e-08
2321.82	-7.05293e-08
2322.73	-7.06066e-08
2323.64	-7.06861e-08
2324.55	-7.07678e-08
2325.45	-7.08516e-08
2326.36	-7.09376e-08
2327.27	-7.10257e-08
2328.18	-7.11158e-08
2329.09	-7.12081e-08
2330	-7.13024e-08
2330.91	-7.13989e-08
2331.82	-7.14973e-08
2332.73	-7.15978e-08
2333.64	-7.17004e-08
2334.55	-7.18049e-08
2335.45	-7.19115e-08
2336.36	-7.202e-08
2337.27	-7.21305e-08
2338.18	-7.2243e-08
2339.09	-7.23574e-08
2340	-7.24737e-08
2340.91	-7.25919e-08
2341.82	-7.2712e-08
2342.73	-7.2834e-08
2343.64	-7.29578e-08
2344.55	-7.30835e-08
2345.45	-7.3211e-08
2346.36	-7.33404e-08
2347.27	-7.34715e-08
2348.18	-7.36044e-08
2349.09	-7.3739e-08
2350	-7.38754e-08
2350.91	-7.40135e-08
2351.82	-7.41533e-08
2352.73	-7.42948e-08
2353.64	-7.4438e-08
2354.55	-7.45828e-08
2355.45	-7.47293e-08
2356.36	-7.48773e-08
2357.27	-7.50269e-08
2358.18	-7.51781e-08
2359.09	-7.53309e-08
2360	-7.54852e-08
2360.91	-7.5641e-08
2361.82	-7.57982e-08
2362.73	-7.5957e-08
2363.64	-7.61172e-08
2364.55	-7.62788e-08
2365.45	-7.64418e-08
2366.36	-7.66062e-08
2367.27	-7.67719e-08
2368.18	-7.6939e-08
2369.09	-7.71074e-08
2370	-7.72771e-08
2370.91	-7.7448e-08
2371.82	-7.76202e-08
2372.73	-7.77936e-08
2373.64	-7.79682e-08
2374.55	-7.8144e-08
2375.45	-7.83209e-08
2376.36	-7.8499e-08
2377.27	-7.86781e-08
2378.18	-7.88583e-08
2379.09	-7.90396e-08
2380	-7.92218e-08
2380.91	-7.94051e-08
2381.82	-7.95893e-08
2382.73	-7.97745e-08
2383.64	-7.99606e-08
2384.55	-8.01475e-08
2385.45	-8.03354e-08
2386.36	-8.0524e-08
2387.27	-8.07135e-08
2388.18	-8.09037e-08
2389.09	-8.10947e-08
2390	-8.12864e-08
2390.91	-8.14788e-08
2391.82	-8.16718e-08
2392.73	-8.18655e-08
2393.64	-8.20597e-08
2394.55	-8.22545e-08
2395.45	-8.24499e-08
2396.36	-8.26458e-08
2397.27	-8.28421e-08
2398.18	-8.30389e-08
2399.09	-8.32361e-08
2400	-8.34336e-08
2400.91	-8.36315e-08
2401.82	-8.38298e-08
2402.73	-8.40282e-08
2403.64	-8.4227e-08
2404.55	-8.44259e-08
2405.45	-8.4625e-08
2406.36	-8.48243e-08
2407.27	-8.50236e-08
2408.18	-8.52231e-08
2409.09	-8.54225e-08
2410	-8.56219e-08
2410.91	-8.58213e-08
2411.82	-8.60207e-08
2412.73	-8.62199e-08
2413.64	-8.64189e-08
2414.55	-8.66178e-08
2415.45	-8.68164e-08
2416.36	-8.70147e-08
2417.27	-8.72127e-08
2418.18	-8.74104e-08
2419.09	-8.76077e-08
2420	-8.78045e-08
2420.91	-8.80008e-08
2421.82	-8.81967e-08
2422.73	-8.83919e-08
2423.64	-8.85866e-08
2424.55	-8.87806e-08
2425.45	-8.89744e-08
2426.36	-8.9167e-08
2427.27	-8.93588e-08
2428.18	-8.95497e-08
2429.09	-8.97392e-08
2430	-8.99283e-08
2430.91	-9.01165e-08
2431.82	-9.03036e-08
2432.73	-9.04896e-08
2433.64	-9.06745e-08
2434.55	-9.08583e-08
2435.45	-9.10408e-08
2436.36	-9.1222e-08
2437.27	-9.14019e-08
2438.18	-9.15804e-08
2439.09	-9.17575e-08
2440	-9.1933e-08
2440.91	-9.21071e-08
2441.82	-9.22795e-08
2442.73	-9.24502e-08
2443.64	-9.26192e-08
2444.55	-9.27865e-08
2445.45	-9.29518e-08
2446.36	-9.31153e-08
2447.27	-9.32768e-08
2448.18	-9.34363e-08
2449.09	-9.35936e-08
2450	-9.37488e-08
2450.91	-9.39018e-08
2451.82	-9.40524e-08
2452.73	-9.42007e-08
2453.64	-9.43466e-08
2454.55	-9.44899e-08
2455.45	-9.46306e-08
2456.36	-9.47687e-08
2457.27	-9.4904e-08
2458.18	-9.50365e-08
2459.09	-9.5166e-08
2460	-9.52926e-08
2460.91	-9.54161e-08
2461.82	-9.55364e-08
2462.73	-9.56535e-08
2463.64	-9.57672e-08
2464.55	-9.58775e-08
2465.45	-9.59842e-08
2466.36	-9.60872e-08
2467.27	-9.61865e-08
2468.18	-9.62818e-08
2469.09	-9.63732e-08
2470	-9.64604e-08
2470.91	-9.65433e-08
2471.82	-9.66218e-08
2472.73	-9.66955e-08
2473.64	-9.67645e-08
2474.55	-9.68283e-08
2475.45	-9.68869e-08
2476.36	-9.69404e-08
2477.27	-9.69883e-08
2478.18	-9.70306e-08
2479.09	-9.70673e-08
2480	-9.70982e-08
2480.91	-9.71233e-08
2481.82	-9.71423e-08
2482.73	-9.71553e-08
2483.64	-9.71622e-08
2484.55	-9.71628e-08
2485.45	-9.71572e-08
2486.36	-9.71451e-08
2487.27	-9.71266e-08
2488.18	-9.71015e-08
2489.09	-9.70698e-08
2490	-9.70315e-08
2490.91	-9.69864e-08
2491.82	-9.69344e-08
2492.73	-9.68756e-08
2493.64	-9.68099e-08
2494.55	-9.67372e-08
2495.45	-9.66574e-08
2496.36	-9.65706e-08
2497.27	-9.64766e-08
2498.18	-9.63753e-08
2499.09	-9.62668e-08
2500	-9.6151e-08
2500.91	-9.60278e-08
2501.82	-9.58972e-08
2502.73	-9.57592e-08
2503.64	-9.56136e-08
2504.55	-9.54606e-08
2505.45	-9.52999e-08
2506.36	-9.51316e-08
2507.27	-9.49556e-08
2508.18	-9.4772e-08
2509.09	-9.45806e-08
2510	-9.43814e-08
2510.91	-9.41745e-08
2511.82	-9.39596e-08
2512.73	-9.37369e-08
2513.64	-9.35063e-08
2514.55	-9.32678e-08
2515.45	-9.30213e-08
2516.36	-9.27667e-08
2517.27	-9.25042e-08
2518.18	-9.22336e-08
2519.09	-9.19549e-08
2520	-9.16681e-08
2520.91	-9.13732e-08
2521.82	-9.10701e-08
2522.73	-9.07588e-08
2523.64	-9.04394e-08
2524.55	-9.01117e-08
2525.45	-8.97757e-08
2526.36	-8.94315e-08
2527.27	-8.90791e-08
2528.18	-8.87183e-08
2529.09	-8.83492e-08
2530	-8.79717e-08
2530.91	-8.7586e-08
2531.82	-8.71918e-08
2532.73	-8.67893e-08
2533.64	-8.63784e-08
2534.55	-8.5959e-08
2535.45	-8.55313e-08
2536.36	-8.50951e-08
2537.27	-8.46505e-08
2538.18	-8.41974e-08
2539.09	-8.37359e-08
2540	-8.32658e-08
2540.91	-8.27874e-08
2541.82	-8.23004e-08
2542.73	-8.18049e-08
2543.64	-8.13009e-08
2544.55	-8.07885e-08
2545.45	-8.02675e-08
2546.36	-7.9738e-08
2547.27	-7.92e-08
2548.18	-7.86534e-08
2549.09	-7.80983e-08
2550	-7.75348e-08
2550.91	-7.69626e-08
2551.82	-7.6382e-08
2552.73	-7.57928e-08
2553.64	-7.51951e-08
2554.55	-7.45888e-08
2555.45	-7.39741e-08
2556.36	-7.33508e-08
2557.27	-7.2719e-08
2558.18	-7.20787e-08
2559.09	-7.14298e-08
2560	-7.07725e-08
2560.91	-7.01066e-08
2561.82	-6.94323e-08
2562.73	-6.87494e-08
2563.64	-6.80581e-08
2564.55	-6.73583e-08
2565.45	-6.665e-08
2566.36	-6.59332e-08
2567.27	-6.5208e-08
2568.18	-6.44744e-08
2569.09	-6.37323e-08
2570	-6.29818e-08
2570.91	-6.22228e-08
2571.82	-6.14555e-08
2572.73	-6.06798e-08
2573.64	-5.98957e-08
2574.55	-5.91032e-08
2575.45	-5.83024e-08
2576.36	-5.74932e-08
2577.27	-5.66757e-08
2578.18	-5.585e-08
2579.09	-5.50159e-08
2580	-5.41735e-08
2580.91	-5.33229e-08
2581.82	-5.2464e-08
2582.73	-5.15969e-08
2583.64	-5.07216e-08
2584.55	-4.98382e-08
2585.45	-4.89465e-08
2586.36	-4.80467e-08
2587.27	-4.71388e-08
2588.18	-4.62227e-08
2589.09	-4.52986e-08
2590	-4.43664e-08
2590.91	-4.34261e-08
2591.82	-4.24778e-08
2592.73	-4.15216e-08
2593.64	-4.05573e-08
2594.55	-3.95851e-08
2595.45	-3.8605e-08
2596.36	-3.76169e-08
2597.27	-3.6621e-08
2598.18	-3.56172e-08
2599.09	-3.46056e-08
2600	-3.35863e-08
2600.91	-3.25591e-08
2601.82	-3.15242e-08
2602.73	-3.04816e-08
2603.64	-2.94312e-08
2604.55	-2.83733e-08
2605.45	-2.73077e-08
2606.36	-2.62345e-08
2607.27	-2.51537e-08
2608.18	-2.40654e-08
2609.09	-2.29696e-08
2610	-2.18663e-08
2610.91	-2.07556e-08
2611.82	-1.96374e-08
2612.73	-1.85119e-08
2613.64	-1.73791e-08
2614.55	-1.62389e-08
2615.45	-1.50915e-08
2616.36	-1.39369e-08
2617.27	-1.2775e-08
2618.18	-1.1606e-08
2619.09	-1.04299e-08
2620	-9.24662e-09
2620.91	-8.05634e-09
2621.82	-6.85904e-09
2622.73	-5.65478e-09
2623.64	-4.44358e-09
2624.55	-3.22548e-09
2625.45	-2.00053e-09
2626.36	-7.68772e-10
2627.27	4.6976e-10
2628.18	1.71502e-09
2629.09	2.96697e-09
2630	4.22557e-09
2630.91	5.49077e-09
2631.82	6.76252e-09
2632.73	8.04079e-09
2633.64	9.32553e-09
2634.55	1.06167e-08
2635.45	1.19142e-08
2636.36	1.32181e-08
2637.27	1.45283e-08
2638.18	1.58447e-08
2639.09	1.71673e-08
2640	1.8496e-08
2640.91	1.98308e-08
2641.82	2.11717e-08
2642.73	2.25185e-08
2643.64	2.38713e-08
2644.55	2.523e-08
2645.45	2.65946e-08
2646.36	2.79649e-08
2647.27	2.9341e-08
2648.18	3.07228e-08
2649.09	3.21101e-08
2650	3.35031e-08
2650.91	3.49016e-08
2651.82	3.63056e-08
2652.73	3.77149e-08
2653.64	3.91297e-08
2654.55	4.05497e-08
2655.45	4.1975e-08
2656.36	4.34054e-08
2657.27	4.4841e-08
2658.18	4.62817e-08
2659.09	4.77273e-08
2660	4.91779e-08
2660.91	5.06334e-08
2661.82	5.20938e-08
2662.73	5.35588e-08
2663.64	5.50286e-08
2664.55	5.6503e-08
2665.45	5.7982e-08
2666.36	5.94656e-08
2667.27	6.09535e-08
2668.18	6.24459e-08
2669.09	6.39425e-08
2670	6.54434e-08
2670.91	6.69485e-08
2671.82	6.84577e-08
2672.73	6.9971e-08
2673.64	7.14882e-08
2674.55	7.30093e-08
2675.45	7.45343e-08
2676.36	7.6063e-08
2677.27	7.75954e-08
2678.18	7.91315e-08
2679.09	8.06711e-08
2680	8.22142e-08
2680.91	8.37606e-08
2681.82	8.53104e-08
2682.73	8.68635e-08
2683.64	8.84197e-08
2684.55	8.99791e-08
2685.45	9.15414e-08
2686.36	9.31067e-08
2687.27	9.46748e-08
2688.18	9.62457e-08
2689.09	9.78194e-08
2690	9.93956e-08
2690.91	1.00974e-07
2691.82	1.02556e-07
2692.73	1.04139e-07
2693.64	1.05725e-07
2694.55	1.07313e-07
2695.45	1.08903e-07
2696.36	1.10496e-07
2697.27	1.1209e-07
2698.18	1.13686e-07
2699.09	1.15284e-07
2700	1.16883e-07
2700.91	1.18484e-07
2701.82	1.20087e-07
2702.73	1.21691e-07
2703.64	1.23296e-07
2704.55	1.24902e-07
2705.45	1.26509e-07
2706.36	1.28118e-07
2707.27	1.29727e-07
2708.18	1.31338e-07
2709.09	1.32949e-07
2710	1.3456e-07
2710.91	1.36172e-07
2711.82	1.37785e-07
2712.73	1.39397e-07
2713.64	1.4101e-07
2714.55	1.42624e-07
2715.45	1.44237e-07
2716.36	1.45849e-07
2717.27	1.47462e-07
2718.18	1.49075e-07
2719.09	1.50686e-07
2720	1.52298e-07
2720.91	1.53908e-07
2721.82	1.55518e-07
2722.73	1.57127e-07
2723.64	1.58735e-07
2724.55	1.60341e-07
2725.45	1.61947e-07
2726.36	1.63551e-07
2727.27	1.65153e-07
2728.18	1.66754e-07
2729.09	1.68353e-07
2730	1.6995e-07
2730.91	1.71545e-07
2731.82	1.73138e-07
2732.73	1.74728e-07
2733.64	1.76316e-07
2734.55	1.77902e-07
2735.45	1.79484e-07
2736.36	1.81064e-07
2737.27	1.82641e-07
2738.18	1.84214e-07
2739.09	1.85785e-07
2740	1.87351e-07
2740.91	1.88915e-07
2741.82	1.90474e-07
2742.73	1.92029e-07
2743.64	1.9358e-07
2744.55	1.95127e-07
2745.45	1.9667e-07
2746.36	1.98208e-07
2747.27	1.99741e-07
2748.18	2.01269e-07
2749.09	2.02792e-07
2750	2.04309e-07
2750.91	2.05821e-07
2751.82	2.07327e-07
2752.73	2.08827e-07
2753.64	2.10321e-07
2754.55	2.11809e-07
2755.45	2.1329e-07
2756.36	2.14764e-07
2757.27	2.16231e-07
2758.18	2.17691e-07
2759.09	2.19143e-07
2760	2.20587e-07
2760.91	2.22023e-07
2761.82	2.2345e-07
2762.73	2.24868e-07
2763.64	2.26277e-07
2764.55	2.27676e-07
2765.45	2.29065e-07
2766.36	2.30444e-07
2767.27	2.31812e-07
2768.18	2.33169e-07
2769.09	2.34514e-07
2770	2.35849e-07
2770.91	2.37171e-07
2771.82	2.38482e-07
2772.73	2.39781e-07
2773.64	2.41067e-07
2774.55	2.42341e-07
2775.45	2.43603e-07
2776.36	2.44851e-07
2777.27	2.46087e-07
2778.18	2.47309e-07
2779.09	2.48518e-07
2780	2.49714e-07
2780.91	2.50896e-07
2781.82	2.52064e-07
2782.73	2.53218e-07
2783.64	2.54357e-07
2784.55	2.55483e-07
2785.45	2.56594e-07
2786.36	2.57691e-07
2787.27	2.58773e-07
2788.18	2.5984e-07
2789.09	2.60892e-07
2790	2.61929e-07
2790.91	2.62951e-07
2791.82	2.63957e-07
2792.73	2.64948e-07
2793.64	2.65924e-07
2794.55	2.66883e-07
2795.45	2.67827e-07
2796.36	2.68755e-07
2797.27	2.69668e-07
2798.18	2.70563e-07
2799.09	2.71443e-07
2800	2.72306e-07
2800.91	2.73153e-07
2801.82	2.73984e-07
2802.73	2.74798e-07
2803.64	2.75595e-07
2804.55	2.76375e-07
2805.45	2.77138e-07
2806.36	2.77884e-07
2807.27	2.78614e-07
2808.18	2.79326e-07
2809.09	2.80021e-07
2810	2.80698e-07
2810.91	2.81358e-07
2811.82	2.82001e-07
2812.73	2.82626e-07
2813.64	2.83233e-07
2814.55	2.83823e-07
2815.45	2.84394e-07
2816.36	2.84948e-07
2817.27	2.85484e-07
2818.18	2.86002e-07
2819.09	2.86502e-07
2820	2.86984e-07
2820.91	2.87448e-07
2821.82	2.87893e-07
2822.73	2.8832e-07
2823.64	2.88728e-07
2824.55	2.89119e-07
2825.45	2.8949e-07
2826.36	2.89843e-07
2827.27	2.90177e-07
2828.18	2.90493e-07
2829.09	2.9079e-07
2830	2.91068e-07
2830.91	2.91328e-07
2831.82	2.91568e-07
2832.73	2.9179e-07
2833.64	2.91992e-07
2834.55	2.92176e-07
2835.45	2.9234e-07
2836.36	2.92485e-07
2837.27	2.92611e-07
2838.18	2.92718e-07
2839.09	2.92806e-07
2840	2.92874e-07
2840.91	2.92923e-07
2841.82	2.92953e-07
2842.73	2.92963e-07
2843.64	2.92954e-07
2844.55	2.92925e-07
2845.45	2.92877e-07
2846.36	2.92809e-07
2847.27	2.92722e-07
2848.18	2.92615e-07
2849.09	2.92489e-07
2850	2.92342e-07
2850.91	2.92176e-07
2851.82	2.91991e-07
2852.73	2.91785e-07
2853.64	2.9156e-07
2854.55	2.91315e-07
2855.45	2.9105e-07
2856.36	2.90766e-07
2857.27	2.90461e-07
2858.18	2.90137e-07
2859.09	2.89793e-07
2860	2.89428e-07
2860.91	2.89044e-07
2861.82	2.8864e-07
2862.73	2.88216e-07
2863.64	2.87772e-07
2864.55	2.87308e-07
2865.45	2.86823e-07
2866.36	2.86319e-07
2867.27	2.85795e-07
2868.18	2.85251e-07
2869.09	2.84686e-07
2870	2.84102e-07
2870.91	2.83497e-07
2871.82	2.82873e-07
2872.73	2.82228e-07
2873.64	2.81563e-07
2874.55	2.80878e-07
2875.45	2.80173e-07
2876.36	2.79447e-07
2877.27	2.78702e-07
2878.18	2.77936e-07
2879.09	2.77151e-07
2880	2.76345e-07
2880.91	2.75519e-07
2881.82	2.74673e-07
2882.73	2.73806e-07
2883.64	2.7292e-07
2884.55	2.72014e-07
2885.45	2.71087e-07
2886.36	2.7014e-07
2887.27	2.69173e-07
2888.18	2.68186e-07
2889.09	2.67179e-07
2890	2.66152e-07
2890.91	2.65104e-07
2891.82	2.64037e-07
2892.73	2.62949e-07
2893.64	2.61842e-07
2894.55	2.60714e-07
2895.45	2.59566e-07
2896.36	2.58398e-07
2897.27	2.57211e-07
2898.18	2.56003e-07
2899.09	2.54775e-07
2900	2.53527e-07
2900.91	2.5226e-07
2901.82	2.50972e-07
2902.73	2.49664e-07
2903.64	2.48337e-07
2904.55	2.46989e-07
2905.45	2.45622e-07
2906.36	2.44235e-07
2907.27	2.42828e-07
2908.18	2.41401e-07
2909.09	2.39954e-07
2910	2.38488e-07
2910.91	2.37002e-07
2911.82	2.35496e-07
2912.73	2.3397e-07
2913.64	2.32425e-07
2914.55	2.3086e-07
2915.45	2.29275e-07
2916.36	2.27671e-07
2917.27	2.26047e-07
2918.18	2.24404e-07
2919.09	2.22741e-07
2920	2.21059e-07
2920.91	2.19357e-07
2921.82	2.17636e-07
2922.73	2.15896e-07
2923.64	2.14136e-07
2924.55	2.12356e-07
2925.45	2.10558e-07
2926.36	2.0874e-07
2927.27	2.06903e-07
2928.18	2.05047e-07
2929.09	2.03172e-07
2930	2.01277e-07
2930.91	1.99364e-07
2931.82	1.97431e-07
2932.73	1.95479e-07
2933.64	1.93509e-07
2934.55	1.91519e-07
2935.45	1.89511e-07
2936.36	1.87484e-07
2937.27	1.85438e-07
2938.18	1.83373e-07
2939.09	1.8129e-07
2940	1.79187e-07
2940.91	1.77067e-07
2941.82	1.74927e-07
2942.73	1.72769e-07
2943.64	1.70593e-07
2944.55	1.68398e-07
2945.45	1.66185e-07
2946.36	1.63954e-07
2947.27	1.61704e-07
2948.18	1.59436e-07
2949.09	1.57149e-07
2950	1.54845e-07
2950.91	1.52522e-07
2951.82	1.50182e-07
2952.73	1.47823e-07
2953.64	1.45447e-07
2954.55	1.43053e-07
2955.45	1.4064e-07
2956.36	1.38211e-07
2957.27	1.35763e-07
2958.18	1.33298e-07
2959.09	1.30815e-07
2960	1.28314e-07
2960.91	1.25796e-07
2961.82	1.23261e-07
2962.73	1.20708e-07
2963.64	1.18138e-07
2964.55	1.15551e-07
2965.45	1.12947e-07
2966.36	1.10325e-07
2967.27	1.07687e-07
2968.18	1.05031e-07
2969.09	1.02359e-07
2970	9.96695e-08
2970.91	9.69633e-08
2971.82	9.42405e-08
2972.73	9.1501e-08
2973.64	8.87449e-08
2974.55	8.59723e-08
2975.45	8.31833e-08
2976.36	8.03778e-08
2977.27	7.75561e-08
2978.18	7.47181e-08
2979.09	7.18639e-08
2980	6.89937e-08
2980.91	6.61074e-08
2981.82	6.32052e-08
2982.73	6.02871e-08
2983.64	5.73532e-08
2984.55	5.44036e-08
2985.45	5.14384e-08
2986.36	4.84575e-08
2987.27	4.54612e-08
2988.18	4.24495e-08
2989.09	3.94225e-08
2990	3.63802e-08
2990.91	3.33227e-08
2991.82	3.02501e-08
2992.73	2.71626e-08
2993.64	2.40601e-08
2994.55	2.09427e-08
2995.45	1.78106e-08
2996.36	1.46639e-08
2997.27	1.15025e-08
2998.18	8.32665e-09
2999.09	5.13638e-09