0.2	0.000477124
0.4	0.000477319
0.6	0.000477645
0.8	0.000478102
1	0.000478692
1.2	0.000479415
1.4	0.000480273
1.6	0.000481269
1.8	0.000482404
2	0.000483681
2.2	0.000485104
2.4	0.000486676
2.6	0.0004884
2.8	0.000490281
3	0.000492324
3.2	0.000494534
3.4	0.000496916
3.6	0.000499479
3.8	0.000502228
4	0.000505172
4.2	0.000508319
4.4	0.00051168
4.6	0.000515265
4.8	0.000519086
5	0.000523194
5.2	0.00052753
5.4	0.000532146
5.6	0.000537062
5.8	0.0005423
6	0.000547879
6.2	0.000553829
6.4	0.000560178
6.6	0.00056696
6.8	0.000574215
7	0.000581988
7.2	0.000590329
7.4	0.000599301
7.6	0.000608973
7.8	0.000619431
8	0.000630776
8.2	0.000643129
8.4	0.000656642
8.6	0.0006715
8.8	0.000687939
9	0.000706261
9.2	0.000726866
9.4	0.00075029
9.6	0.000777286
9.8	0.000808943
10	0.000846929
10.2	0.000893997
10.4	0.000955227
10.6	0.00104261
10.8	0.00119762
11	0.00138295
11.2	0.00154914
11.4	0.00146126
11.6	0.00119484
11.8	0.000744009
12	0.000385096
12.2	-0.000133336
12.4	0.000166742
12.6	0.000265603
12.8	0.000358932
13	0.000505348
13.2	0.000654401
13.4	0.000822075
13.6	0.00103792
13.8	0.00115811
14	0.00107932
14.2	0.000896202
14.4	0.000711914
14.6	0.000601237
14.8	0.000629362
15	0.000629408
15.2	0.000600765
15.4	0.000561215
15.6	0.000538349
15.8	0.000511669
16	0.000489858
16.2	0.000456267
16.4	0.000427428
16.6	0.000399181
16.8	0.00037458
17	0.000352805
17.2	0.000327254
17.4	0.000302838
17.6	0.00028773
17.8	0.000253791
18	0.000240996
18.2	0.000222138
18.4	0.000200917
18.6	0.000177934
18.8	0.000165663
19	0.000142151
19.2	0.000128198
19.4	0.000105914
19.6	9.60184e-05
19.8	7.39853e-05
20	6.20513e-05
20.2	4.54956e-05
20.4	3.47322e-05
20.6	2.59953e-05
20.8	2.78856e-06
21	-5.03355e-06
21.2	-1.71938e-05
21.4	-2.76516e-05
21.6	-4.80589e-05
21.8	-5.83958e-05
22	-7.01524e-05
22.2	-8.31366e-05
22.4	-9.71657e-05
22.6	-0.000111944
22.8	-0.000124387
23	-0.000133032
23.2	-0.00014158
23.4	-0.000151808
23.6	-0.000163008
23.8	-0.000172281
24	-0.000179071
24.2	-0.000186393
24.4	-0.000194927
24.6	-0.000204051
24.8	-0.000213048
25	-0.000221993
25.2	-0.00023122
25.4	-0.000241666
25.6	-0.000253888
25.8	-0.000267362
26	-0.000282038
26.2	-0.000299405
26.4	-0.000314319
26.6	-0.000329455
26.8	-0.000332487
27	-0.000315677
27.2	-0.000303325
27.4	-0.000302631
27.6	-0.00030761
27.8	-0.000314092
28	-0.000323285
28.2	-0.000330171
28.4	-0.000334841
28.6	-0.000338523
28.8	-0.000342118
29	-0.000345637
29.2	-0.000349311
29.4	-0.000353928
29.6	-0.000361777
29.8	-0.000365674
30	-0.000359426
30.2	-0.000353798
30.4	-0.00034893
30.6	-0.000345108
30.8	-0.000342527
31	-0.00034049
31.2	-0.000338981
31.4	-0.000337949
31.6	-0.000337378
31.8	-0.000337146
32	-0.000337224
32.2	-0.000337836
32.4	-0.000338351
32.6	-0.000338669
32.8	-0.00033774
33	-0.000334983
33.2	-0.000332002
33.4	-0.000328967
33.6	-0.000325837
33.8	-0.000323051
34	-0.000321014
34.2	-0.000319036
34.4	-0.000314766
34.6	-0.000308925
34.8	-0.000304644
35	-0.000302508
35.2	-0.000300207
35.4	-0.000297257
35.6	-0.000293932
35.8	-0.000291189
36	-0.000298118
36.2	-0.000287403
36.4	-0.00028403
36.6	-0.000279712
36.8	-0.000275186
37	-0.00027036
37.2	-0.000265989
37.4	-0.00026213
37.6	-0.000258472
37.8	-0.000254734
38	-0.000250927
38.2	-0.000247031
38.4	-0.000243006
38.6	-0.000238684
38.8	-0.000234156
39	-0.000229636
39.2	-0.000225218
39.4	-0.000221611
39.6	-0.000218593
39.8	-0.000215029
40	-0.00021073
40.2	-0.000206818
40.4	-0.000203202
40.6	-0.000199754
40.8	-0.000196435
41	-0.000193227
41.2	-0.000190118
41.4	-0.000187079
41.6	-0.000184099
41.8	-0.000181154
42	-0.000178235
42.2	-0.000175334
42.4	-0.000172394
42.6	-0.000169401
42.8	-0.000166368
43	-0.000163344
43.2	-0.000160417
43.4	-0.000157613
43.6	-0.000154937
43.8	-0.000152388
44	-0.00014995
44.2	-0.000147594
44.4	-0.000145303
44.6	-0.000143068
44.8	-0.000140882
45	-0.000138741
45.2	-0.000136642
45.4	-0.000134551
45.6	-0.000132458
45.8	-0.000130364
46	-0.000128285
46.2	-0.00012626
46.4	-0.000124325
46.6	-0.000122489
46.8	-0.00012075
47	-0.000119087
47.2	-0.000117458
47.4	-0.000115845
47.6	-0.000114244
47.8	-0.000112653
48	-0.000111075
48.2	-0.000109521
48.4	-0.000108023
48.6	-0.000106592
48.8	-0.000105227
49	-0.000103918
49.2	-0.000102636
49.4	-0.000101354
49.6	-0.000100063
49.8	-9.87643e-05
50	-9.74703e-05
50.2	-9.62135e-05
50.4	-9.50053e-05
50.6	-9.38459e-05
50.8	-9.27326e-05
51	-9.16565e-05
51.2	-9.05956e-05
51.4	-8.95497e-05
51.6	-8.85179e-05
51.8	-8.75003e-05
52	-8.64981e-05
52.2	-8.55175e-05
52.4	-8.45548e-05
52.6	-8.36087e-05
52.8	-8.26792e-05
53	-8.17685e-05
53.2	-8.08797e-05
53.4	-8.00108e-05
53.6	-7.91603e-05
53.8	-7.83274e-05
54	-7.75114e-05
54.2	-7.67116e-05
54.4	-7.59284e-05
54.6	-7.51618e-05
54.8	-7.44114e-05
55	-7.3677e-05
55.2	-7.29583e-05
55.4	-7.22526e-05
55.6	-7.15588e-05
55.8	-7.08761e-05
56	-7.02043e-05
56.2	-6.95436e-05
56.4	-6.88954e-05
56.6	-6.82567e-05
56.8	-6.76284e-05
57	-6.70096e-05
57.2	-6.63998e-05
57.4	-6.57979e-05
57.6	-6.52067e-05
57.8	-6.46242e-05
58	-6.40496e-05
58.2	-6.34804e-05
58.4	-6.29179e-05
58.6	-6.2362e-05
58.8	-6.18128e-05
59	-6.12701e-05
59.2	-6.07333e-05
59.4	-6.02022e-05
59.6	-5.96759e-05
59.8	-5.91532e-05
60	-5.86304e-05
60.2	-5.81018e-05
60.4	-5.75863e-05
60.6	-5.70923e-05
60.8	-5.66209e-05
61	-5.61671e-05
61.2	-5.57174e-05
61.4	-5.52742e-05
61.6	-5.48392e-05
61.8	-5.44122e-05
62	-5.39927e-05
62.2	-5.35793e-05
62.4	-5.31683e-05
62.6	-5.27583e-05
62.8	-5.23494e-05
63	-5.19431e-05
63.2	-5.15437e-05
63.4	-5.11526e-05
63.6	-5.07705e-05
63.8	-5.03974e-05
64	-5.00318e-05
64.2	-4.96719e-05
64.4	-4.93178e-05
64.6	-4.89699e-05
64.8	-4.86273e-05
65	-4.82897e-05
65.2	-4.79568e-05
65.4	-4.76253e-05
65.6	-4.72936e-05
65.8	-4.69617e-05
66	-4.66307e-05
66.2	-4.63045e-05
66.4	-4.59843e-05
66.6	-4.56709e-05
66.8	-4.53645e-05
67	-4.50647e-05
67.2	-4.47702e-05
67.4	-4.44763e-05
67.6	-4.41812e-05
67.8	-4.38843e-05
68	-4.35852e-05
68.2	-4.32865e-05
68.4	-4.29996e-05
68.6	-4.2729e-05
68.8	-4.24741e-05
69	-4.22304e-05
69.2	-4.19862e-05
69.4	-4.17373e-05
69.6	-4.14818e-05
69.8	-4.12206e-05
70	-4.09567e-05
70.2	-4.06975e-05
70.4	-4.04399e-05
70.6	-4.01869e-05
70.8	-3.99348e-05
71	-3.96847e-05
71.2	-3.94366e-05
71.4	-3.91951e-05
71.6	-3.89619e-05
71.8	-3.87373e-05
72	-3.85193e-05
72.2	-3.83025e-05
72.4	-3.80866e-05
72.6	-3.78703e-05
72.8	-3.76571e-05
73	-3.74439e-05
73.2	-3.72331e-05
73.4	-3.70213e-05
73.6	-3.68069e-05
73.8	-3.65895e-05
74	-3.63691e-05
74.2	-3.61468e-05
74.4	-3.5933e-05
74.6	-3.57319e-05
74.8	-3.5544e-05
75	-3.53654e-05
75.2	-3.51852e-05
75.4	-3.50017e-05
75.6	-3.48143e-05
75.8	-3.46235e-05
76	-3.44311e-05
76.2	-3.42415e-05
76.4	-3.40577e-05
76.6	-3.38801e-05
76.8	-3.37085e-05
77	-3.35406e-05
77.2	-3.33713e-05
77.4	-3.32021e-05
77.6	-3.30333e-05
77.8	-3.28651e-05
78	-3.26978e-05
78.2	-3.25321e-05
78.4	-3.23687e-05
78.6	-3.22081e-05
78.8	-3.20509e-05
79	-3.18987e-05
79.2	-3.17529e-05
79.4	-3.16031e-05
79.6	-3.14446e-05
79.8	-3.12775e-05
80	-3.11054e-05
80.2	-3.09386e-05
80.4	-3.07776e-05
80.6	-3.06229e-05
80.8	-3.04741e-05
81	-3.033e-05
81.2	-3.0187e-05
81.4	-3.00461e-05
81.6	-2.99073e-05
81.8	-2.97709e-05
82	-2.96376e-05
82.2	-2.95085e-05
82.4	-2.93757e-05
82.6	-2.92363e-05
82.8	-2.90896e-05
83	-2.89375e-05
83.2	-2.87856e-05
83.4	-2.86419e-05
83.6	-2.8509e-05
83.8	-2.83863e-05
84	-2.82682e-05
84.2	-2.81477e-05
84.4	-2.80238e-05
84.6	-2.78989e-05
84.8	-2.77736e-05
85	-2.76477e-05
85.2	-2.7523e-05
85.4	-2.73954e-05
85.6	-2.72644e-05
85.8	-2.71302e-05
86	-2.69945e-05
86.2	-2.68615e-05
86.4	-2.67319e-05
86.6	-2.6606e-05
86.8	-2.64836e-05
87	-2.63639e-05
87.2	-2.62452e-05
87.4	-2.61275e-05
87.6	-2.6011e-05
87.8	-2.58958e-05
88	-2.57816e-05
88.2	-2.56686e-05
88.4	-2.5558e-05
88.6	-2.54506e-05
88.8	-2.53472e-05
89	-2.52477e-05
89.2	-2.51523e-05
89.4	-2.50552e-05
89.6	-2.49526e-05
89.8	-2.48442e-05
90	-2.47318e-05
90.2	-2.46215e-05
90.4	-2.45104e-05
90.6	-2.43993e-05
90.8	-2.42877e-05
91	-2.41762e-05
91.2	-2.40658e-05
91.4	-2.39584e-05
91.6	-2.38546e-05
91.8	-2.37544e-05
92	-2.36572e-05
92.2	-2.3561e-05
92.4	-2.34659e-05
92.6	-2.33719e-05
92.8	-2.32794e-05
93	-2.31889e-05
93.2	-2.31024e-05
93.4	-2.30106e-05
93.6	-2.29103e-05
93.8	-2.28019e-05
94	-2.26904e-05
94.2	-2.25868e-05
94.4	-2.2488e-05
94.6	-2.23923e-05
94.8	-2.22987e-05
95	-2.22073e-05
95.2	-2.2118e-05
95.4	-2.20307e-05
95.6	-2.19456e-05
95.8	-2.18631e-05
96	-2.17841e-05
96.2	-2.17102e-05
96.4	-2.1638e-05
96.6	-2.15658e-05
96.8	-2.14937e-05
97	-2.14238e-05
97.2	-2.13607e-05
97.4	-2.12868e-05
97.6	-2.11954e-05
97.8	-2.10867e-05
98	-2.09674e-05
98.2	-2.08543e-05
98.4	-2.07513e-05
98.6	-2.06595e-05
98.8	-2.05775e-05
99	-2.05015e-05
99.2	-2.04234e-05
99.4	-2.03433e-05
99.6	-2.02615e-05
99.8	-2.01787e-05
100	-2.00956e-05
100.2	-2.00137e-05
100.4	-1.99332e-05
100.6	-1.98541e-05
100.8	-1.97766e-05
101	-1.97006e-05
101.2	-1.96261e-05
101.4	-1.95532e-05
101.6	-1.94818e-05
101.8	-1.94117e-05
102	-1.93429e-05
102.2	-1.9275e-05
102.4	-1.92079e-05
102.6	-1.91414e-05
102.8	-1.90754e-05
103	-1.90097e-05
103.2	-1.89445e-05
103.4	-1.88797e-05
103.6	-1.88153e-05
103.8	-1.87515e-05
104	-1.86889e-05
104.2	-1.86281e-05
104.4	-1.85672e-05
104.6	-1.85041e-05
104.8	-1.84384e-05
105	-1.837e-05
105.2	-1.82986e-05
105.4	-1.82245e-05
105.6	-1.81481e-05
105.8	-1.807e-05
106	-1.79918e-05
106.2	-1.79162e-05
106.4	-1.78424e-05
106.6	-1.77704e-05
106.8	-1.77003e-05
107	-1.76319e-05
107.2	-1.75653e-05
107.4	-1.75002e-05
107.6	-1.74366e-05
107.8	-1.73742e-05
108	-1.7312e-05
108.2	-1.72497e-05
108.4	-1.71876e-05
108.6	-1.71253e-05
108.8	-1.70632e-05
109	-1.70013e-05
109.2	-1.69397e-05
109.4	-1.68783e-05
109.6	-1.68171e-05
109.8	-1.67562e-05
110	-1.66956e-05
110.2	-1.66352e-05
110.4	-1.65753e-05
110.6	-1.65159e-05
110.8	-1.64572e-05
111	-1.63991e-05
111.2	-1.63417e-05
111.4	-1.62851e-05
111.6	-1.62292e-05
111.8	-1.61742e-05
112	-1.61204e-05
112.2	-1.60681e-05
112.4	-1.60163e-05
112.6	-1.59634e-05
112.8	-1.59092e-05
113	-1.58537e-05
113.2	-1.57967e-05
113.4	-1.5738e-05
113.6	-1.56783e-05
113.8	-1.56176e-05
114	-1.55569e-05
114.2	-1.54962e-05
114.4	-1.54369e-05
114.6	-1.53788e-05
114.8	-1.53221e-05
115	-1.52668e-05
115.2	-1.52129e-05
115.4	-1.51604e-05
115.6	-1.51091e-05
115.8	-1.5059e-05
116	-1.50094e-05
116.2	-1.49599e-05
116.4	-1.49103e-05
116.6	-1.48604e-05
116.8	-1.48106e-05
117	-1.47598e-05
117.2	-1.47078e-05
117.4	-1.4656e-05
117.6	-1.46036e-05
117.8	-1.45512e-05
118	-1.44974e-05
118.2	-1.44438e-05
118.4	-1.43907e-05
118.6	-1.4339e-05
118.8	-1.42888e-05
119	-1.42406e-05
119.2	-1.41942e-05
119.4	-1.41499e-05
119.6	-1.41072e-05
119.8	-1.40663e-05
120	-1.40269e-05
120.2	-1.39884e-05
120.4	-1.39494e-05
120.6	-1.39089e-05
120.8	-1.38665e-05
121	-1.38218e-05
121.2	-1.37748e-05
121.4	-1.37257e-05
121.6	-1.36746e-05
121.8	-1.36219e-05
122	-1.35686e-05
122.2	-1.35162e-05
122.4	-1.34651e-05
122.6	-1.34157e-05
122.8	-1.33681e-05
123	-1.33225e-05
123.2	-1.32787e-05
123.4	-1.32368e-05
123.6	-1.31968e-05
123.8	-1.31579e-05
124	-1.31194e-05
124.2	-1.30811e-05
124.4	-1.30418e-05
124.6	-1.30017e-05
124.8	-1.29608e-05
125	-1.29189e-05
125.2	-1.28761e-05
125.4	-1.28324e-05
125.6	-1.27879e-05
125.8	-1.27428e-05
126	-1.26975e-05
126.2	-1.26524e-05
126.4	-1.26082e-05
126.6	-1.25649e-05
126.8	-1.25227e-05
127	-1.24817e-05
127.2	-1.24417e-05
127.4	-1.24029e-05
127.6	-1.23652e-05
127.8	-1.23282e-05
128	-1.22918e-05
128.2	-1.22556e-05
128.4	-1.22191e-05
128.6	-1.2182e-05
128.8	-1.21442e-05
129	-1.21055e-05
129.2	-1.2066e-05
129.4	-1.20257e-05
129.6	-1.19847e-05
129.8	-1.19432e-05
130	-1.19012e-05
130.2	-1.18591e-05
130.4	-1.18177e-05
130.6	-1.17772e-05
130.8	-1.1738e-05
131	-1.17e-05
131.2	-1.16633e-05
131.4	-1.16279e-05
131.6	-1.15936e-05
131.8	-1.15602e-05
132	-1.15276e-05
132.2	-1.14949e-05
132.4	-1.14618e-05
132.6	-1.14278e-05
132.8	-1.13928e-05
133	-1.13568e-05
133.2	-1.13196e-05
133.4	-1.12807e-05
133.6	-1.12423e-05
133.8	-1.12026e-05
134	-1.11627e-05
134.2	-1.11236e-05
134.4	-1.1085e-05
134.6	-1.10467e-05
134.8	-1.10085e-05
135	-1.09704e-05
135.2	-1.09326e-05
135.4	-1.08953e-05
135.6	-1.08573e-05
135.8	-1.082e-05
136	-1.07829e-05
136.2	-1.07461e-05
136.4	-1.07098e-05
136.6	-1.06741e-05
136.8	-1.0639e-05
137	-1.06047e-05
137.2	-1.0571e-05
137.4	-1.0538e-05
137.6	-1.05055e-05
137.8	-1.04735e-05
138	-1.04417e-05
138.2	-1.04096e-05
138.4	-1.03774e-05
138.6	-1.03453e-05
138.8	-1.03133e-05
139	-1.02813e-05
139.2	-1.02494e-05
139.4	-1.02176e-05
139.6	-1.01859e-05
139.8	-1.01543e-05
140	-1.01228e-05
140.2	-1.00915e-05
140.4	-1.00603e-05
140.6	-1.00292e-05
140.8	-9.99818e-06
141	-9.96729e-06
141.2	-9.93655e-06
141.4	-9.90595e-06
141.6	-9.87557e-06
141.8	-9.84539e-06
142	-9.81559e-06
142.2	-9.78632e-06
142.4	-9.75718e-06
142.6	-9.72767e-06
142.8	-9.69761e-06
143	-9.66689e-06
143.2	-9.63545e-06
143.4	-9.60327e-06
143.6	-9.57038e-06
143.8	-9.53679e-06
144	-9.50253e-06
144.2	-9.4676e-06
144.4	-9.43311e-06
144.6	-9.39963e-06
144.8	-9.3676e-06
145	-9.33719e-06
145.2	-9.30833e-06
145.4	-9.28104e-06
145.6	-9.25516e-06
145.8	-9.23038e-06
146	-9.20615e-06
146.2	-9.18146e-06
146.4	-9.15613e-06
146.6	-9.13011e-06
146.8	-9.10334e-06
147	-9.07576e-06
147.2	-9.04738e-06
147.4	-9.01825e-06
147.6	-8.98846e-06
147.8	-8.95817e-06
148	-8.92766e-06
148.2	-8.89746e-06
148.4	-8.86769e-06
148.6	-8.83841e-06
148.8	-8.80969e-06
149	-8.78156e-06
149.2	-8.754e-06
149.4	-8.72707e-06
149.6	-8.70072e-06
149.8	-8.67495e-06
150	-8.64981e-06
150.2	-8.62531e-06
150.4	-8.60045e-06
150.6	-8.57456e-06
150.8	-8.54739e-06
151	-8.5188e-06
151.2	-8.48878e-06
151.4	-8.45746e-06
151.6	-8.42508e-06
151.8	-8.39207e-06
152	-8.3594e-06
152.2	-8.32829e-06
152.4	-8.29856e-06
152.6	-8.26649e-06
152.8	-8.24145e-06
153	-8.21357e-06
153.2	-8.18626e-06
153.4	-8.15947e-06
153.6	-8.13263e-06
153.8	-8.10708e-06
154	-8.08155e-06
154.2	-8.0562e-06
154.4	-8.0309e-06
154.6	-8.00637e-06
154.8	-7.9829e-06
155	-7.95718e-06
155.2	-7.93378e-06
155.4	-7.91364e-06
155.6	-7.89215e-06
155.8	-7.87095e-06
156	-7.84983e-06
156.2	-7.83063e-06
156.4	-7.81101e-06
156.6	-7.79109e-06
156.8	-7.7703e-06
157	-7.74973e-06
157.2	-7.7279e-06
157.4	-7.70531e-06
157.6	-7.682e-06
157.8	-7.65785e-06
158	-7.63364e-06
158.2	-7.60969e-06
158.4	-7.58569e-06
158.6	-7.561e-06
158.8	-7.53402e-06
159	-7.5102e-06
159.2	-7.48382e-06
159.4	-7.45672e-06
159.6	-7.42884e-06
159.8	-7.40008e-06
160	-7.36962e-06
160.2	-7.33828e-06
160.4	-7.3066e-06
160.6	-7.27564e-06
160.8	-7.24689e-06
161	-7.22026e-06
161.2	-7.19583e-06
161.4	-7.17358e-06
161.6	-7.15379e-06
161.8	-7.13461e-06
162	-7.11717e-06
162.2	-7.09791e-06
162.4	-7.07873e-06
162.6	-7.05989e-06
162.8	-7.0405e-06
163	-7.02058e-06
163.2	-7.00112e-06
163.4	-6.98162e-06
163.6	-6.9626e-06
163.8	-6.9432e-06
164	-6.92405e-06
164.2	-6.90575e-06
164.4	-6.88637e-06
164.6	-6.86637e-06
164.8	-6.84477e-06
165	-6.82145e-06
165.2	-6.79632e-06
165.4	-6.76945e-06
165.6	-6.74096e-06
165.8	-6.71112e-06
166	-6.68032e-06
166.2	-6.64925e-06
166.4	-6.61903e-06
166.6	-6.59034e-06
166.8	-6.56348e-06
167	-6.53866e-06
167.2	-6.51592e-06
167.4	-6.49519e-06
167.6	-6.47626e-06
167.8	-6.45873e-06
168	-6.44186e-06
168.2	-6.42431e-06
168.4	-6.40603e-06
168.6	-6.38674e-06
168.8	-6.36703e-06
169	-6.34674e-06
169.2	-6.32538e-06
169.4	-6.30325e-06
169.6	-6.28042e-06
169.8	-6.25699e-06
170	-6.23308e-06
170.2	-6.20893e-06
170.4	-6.1854e-06
170.6	-6.16297e-06
170.8	-6.14191e-06
171	-6.12234e-06
171.2	-6.10429e-06
171.4	-6.0877e-06
171.6	-6.07244e-06
171.8	-6.05822e-06
172	-6.0446e-06
172.2	-6.03076e-06
172.4	-6.01619e-06
172.6	-6.00063e-06
172.8	-5.98401e-06
173	-5.96591e-06
173.2	-5.94663e-06
173.4	-5.92613e-06
173.6	-5.90453e-06
173.8	-5.8821e-06
174	-5.85926e-06
174.2	-5.83692e-06
174.4	-5.81482e-06
174.6	-5.79293e-06
174.8	-5.77081e-06
175	-5.74885e-06
175.2	-5.72689e-06
175.4	-5.70495e-06
175.6	-5.68297e-06
175.8	-5.6609e-06
176	-5.63848e-06
176.2	-5.61546e-06
176.4	-5.59296e-06
176.6	-5.57167e-06
176.8	-5.55196e-06
177	-5.53397e-06
177.2	-5.51771e-06
177.4	-5.50309e-06
177.6	-5.48987e-06
177.8	-5.47768e-06
178	-5.46548e-06
178.2	-5.45198e-06
178.4	-5.43829e-06
178.6	-5.42364e-06
178.8	-5.40846e-06
179	-5.39278e-06
179.2	-5.37659e-06
179.4	-5.35995e-06
179.6	-5.34289e-06
179.8	-5.32544e-06
180	-5.30773e-06
180.2	-5.29002e-06
180.4	-5.2719e-06
180.6	-5.25321e-06
180.8	-5.23385e-06
181	-5.21371e-06
181.2	-5.19277e-06
181.4	-5.17098e-06
181.6	-5.14828e-06
181.8	-5.1246e-06
182	-5.09962e-06
182.2	-5.0728e-06
182.4	-5.04606e-06
182.6	-5.02049e-06
182.8	-4.99662e-06
183	-4.97479e-06
183.2	-4.95513e-06
183.4	-4.93762e-06
183.6	-4.92211e-06
183.8	-4.90824e-06
184	-4.89537e-06
184.2	-4.88236e-06
184.4	-4.8685e-06
184.6	-4.85347e-06
184.8	-4.83704e-06
185	-4.81906e-06
185.2	-4.7995e-06
185.4	-4.77836e-06
185.6	-4.75576e-06
185.8	-4.73183e-06
186	-4.70687e-06
186.2	-4.68115e-06
186.4	-4.65643e-06
186.6	-4.63363e-06
186.8	-4.61321e-06
187	-4.59544e-06
187.2	-4.58035e-06
187.4	-4.56782e-06
187.6	-4.55751e-06
187.8	-4.54885e-06
188	-4.54076e-06
188.2	-4.53122e-06
188.4	-4.5203e-06
188.6	-4.50801e-06
188.8	-4.49429e-06
189	-4.47911e-06
189.2	-4.4625e-06
189.4	-4.44454e-06
189.6	-4.42539e-06
189.8	-4.40534e-06
190	-4.38499e-06
190.2	-4.36505e-06
190.4	-4.34536e-06
190.6	-4.32554e-06
190.8	-4.3057e-06
191	-4.28572e-06
191.2	-4.26559e-06
191.4	-4.2453e-06
191.6	-4.22487e-06
191.8	-4.20439e-06
192	-4.18356e-06
192.2	-4.16238e-06
192.4	-4.14159e-06
192.6	-4.12161e-06
192.8	-4.10269e-06
193	-4.08485e-06
193.2	-4.06816e-06
193.4	-4.05259e-06
193.6	-4.03805e-06
193.8	-4.02437e-06
194	-4.01127e-06
194.2	-3.99828e-06
194.4	-3.9847e-06
194.6	-3.97019e-06
194.8	-3.95454e-06
195	-3.93767e-06
195.2	-3.91957e-06
195.4	-3.90034e-06
195.6	-3.88018e-06
195.8	-3.85945e-06
196	-3.83871e-06
196.2	-3.8192e-06
196.4	-3.80045e-06
196.6	-3.78211e-06
196.8	-3.76409e-06
197	-3.74633e-06
197.2	-3.72876e-06
197.4	-3.71137e-06
197.6	-3.69416e-06
197.8	-3.67709e-06
198	-3.66018e-06
198.2	-3.64341e-06
198.4	-3.62679e-06
198.6	-3.61034e-06
198.8	-3.59402e-06
199	-3.57788e-06
199.2	-3.56192e-06
199.4	-3.54624e-06
199.6	-3.53087e-06
199.8	-3.51587e-06